final data shown in submitted ppgyields for 0_100.
For points with no errors given, data value represents 
90\% confidence level upper limit. }
 
pt	 val	 tot_err	 stat_err	syst_err	 
1.25	 3.630E-02 	 6.118E-02 	 168.54 	 6.108E-02 	 168.27 	  3.485E-03 	 9.60
1.75	 1.931E-03 	 7.753E-03 	 401.45 	 7.750E-03 	 401.32 	  1.963E-04 	 10.16
2.25 	 2.361E-03 	{--} 	 {--} 	 {--} 	 {--}
2.75 	 5.263E-04 	{--} 	 {--} 	 {--} 	 {--}
3.25	 3.848E-05 	 8.887E-05 	 230.94 	 8.876E-05 	 230.66 	  4.327E-06 	 11.24
3.75	 2.600E-05 	 2.644E-05 	 101.69 	 2.629E-05 	 101.11 	  2.833E-06 	 10.89
4.25	 1.533E-05 	 1.063E-05 	 69.34 	 1.051E-05 	 68.55 	  1.600E-06 	 10.43
4.75	 9.707E-06 	 4.635E-06 	 47.75 	 4.522E-06 	 46.59 	  1.016E-06 	 10.46
5.25	 4.981E-06 	 2.265E-06 	 45.48 	 2.204E-06 	 44.24 	  5.244E-07 	 10.53
5.75	 3.263E-06 	 1.160E-06 	 35.55 	 1.099E-06 	 33.68 	  3.709E-07 	 11.37
6.25	 1.547E-06 	 5.959E-07 	 38.51 	 5.685E-07 	 36.75 	  1.785E-07 	 11.54
6.75	 1.216E-06 	 3.855E-07 	 31.69 	 3.584E-07 	 29.47 	  1.419E-07 	 11.67
7.25	 8.215E-07 	 2.507E-07 	 30.51 	 2.303E-07 	 28.03 	  9.900E-08 	 12.05
7.75	 5.139E-07 	 1.579E-07 	 30.73 	 1.445E-07 	 28.12 	  6.365E-08 	 12.38
8.50	 2.494E-07 	 7.485E-08 	 30.01 	 6.835E-08 	 27.40 	  3.050E-08 	 12.23
9.50	 1.346E-07 	 4.150E-08 	 30.82 	 3.801E-08 	 28.23 	  1.668E-08 	 12.39
11.00	 4.688E-08 	 1.456E-08 	 31.06 	 1.320E-08 	 28.16 	  6.147E-09 	 13.11
13.00	 1.887E-08 	 6.394E-09 	 33.89 	 5.754E-09 	 30.50 	  2.789E-09 	 14.78
