yields for 80_92.
For points with no errors given, data value represents 
90\% confidence level upper limit. }
 
pt	 val	 tot_err	 stat_err	syst_err	 
1.25	 9.646E-01 	 1.194E-01 	 12.38 	 1.655E-02 	 1.72 	  1.182E-01 	 12.26
1.75	 9.586E-01 	 1.068E-01 	 11.14 	 2.211E-02 	 2.31 	  1.045E-01 	 10.90
2.25	 9.297E-01 	 1.062E-01 	 11.42 	 2.695E-02 	 2.90 	  1.027E-01 	 11.04
2.75	 1.032E+00 	 1.273E-01 	 12.33 	 4.755E-02 	 4.61 	  1.180E-01 	 11.44
3.25	 8.712E-01 	 1.175E-01 	 13.49 	 5.836E-02 	 6.70 	  1.020E-01 	 11.71
3.75	 8.861E-01 	 1.290E-01 	 14.55 	 9.205E-02 	 10.39 	  9.033E-02 	 10.19
4.25	 1.079E+00 	 2.074E-01 	 19.22 	 1.610E-01 	 14.92 	  1.308E-01 	 12.12
4.75	 6.339E-01 	 1.661E-01 	 26.21 	 1.515E-01 	 23.90 	  6.811E-02 	 10.75
5.25	 8.841E-01 	 2.127E-01 	 24.06 	 1.815E-01 	 20.53 	  1.109E-01 	 12.55
5.75	 1.429E+00 	 4.123E-01 	 28.85 	 3.624E-01 	 25.35 	  1.967E-01 	 13.76
6.25	 1.959E+00 	 7.441E-01 	 37.98 	 7.014E-01 	 35.80    2.484E-01      12.68    
6.75	 1.524E+00 	 6.368E-01 	 41.78 	 6.013E-01 	 39.46 	  2.095E-01 	 13.75
7.25	 2.248E-01 	 1.815E-01 	 80.73 	 1.788E-01 	 79.55 	  3.090E-02 	 13.74
7.75	 1.133E+00 	 1.046E+00 	 92.32 	 1.034E+00 	 91.29 	  1.556E-01 	 13.74
8.50	 1.792E+00 	 1.220E+00 	 68.07 	 1.195E+00 	 66.67 	  2.461E-01 	 13.73
9.50	 3.605E+00 	 4.061E+00 	 112.64 	 4.031E+00 	 111.80 	  4.947E-01 	 13.72
11.00	 3.507E+00 	 4.322E+00 	 123.24 	 4.295E+00 	 122.47 	  4.807E-01 	 13.71
