$p_{T} [GeV/c]$
6
$R_{pA}$
$R_{pA}$
$R_{pA}$
$R_{pA}$
$R_{pA}$
p+Al 0%-5%, $1.4<\eta<2.4$ (global err. 13.2%)
p+Al 5%-10%, $1.4<\eta<2.4$ (global err. 12.5%)
p+Al 10%-20%, $1.4<\eta<2.4$ (global err. 13.3%)
p+Al 20%-40%, $1.4<\eta<2.4$ (global err. 12.2%)
p+Al 40%-72%, $1.4<\eta<2.4$ (global err. 11.9%)
none
none
none
2
stat
symmetric
syst
symmetric
1.625 0.649838 0.00552249 0.0901309
1.875 0.674522 0.00717935 0.0935546
2.125 0.709069 0.00934103 0.0983461
2.375 0.685719 0.0115812 0.0951075
2.75 0.703725 0.0115661 0.0976049
3.25 0.703624 0.0178108 0.097591
3.75 0.69015 0.0260476 0.095722
4.5 0.66138 0.0303998 0.0917318
5.5 0.605379 0.0570514 0.0839646
7 0.579642 0.0798483 0.0803949
***
1.625 0.706618 0.00641422 0.0980062
1.875 0.733788 0.00847988 0.101775
2.125 0.781614 0.0112308 0.108408
2.375 0.832167 0.014717 0.11542
2.75 0.766281 0.0137743 0.106281
3.25 0.749983 0.0210194 0.104021
3.75 0.732456 0.0306685 0.10159
4.5 0.750372 0.037047 0.104075
5.5 0.66981 0.0683622 0.0929009
7 0.69475 0.100114 0.0963601
***
1.625 0.771908 0.00543924 0.107062
1.875 0.843841 0.00737478 0.117039
2.125 0.896633 0.00978811 0.124361
2.375 0.920107 0.0126113 0.127617
2.75 0.933967 0.0125845 0.129539
3.25 0.874189 0.0186245 0.121248
3.75 0.90578 0.0280464 0.125629
4.5 0.790715 0.0312069 0.10967
5.5 0.841782 0.063063 0.116753
7 0.815838 0.0890942 0.113155
***
1.625 0.818001 0.00453208 0.113455
1.875 0.870744 0.0060545 0.12077
2.125 0.946321 0.00822021 0.131252
2.375 0.957256 0.0103753 0.132769
2.75 0.963975 0.010313 0.133701
3.25 0.91745 0.0156216 0.127248
3.75 0.935983 0.0233569 0.129819
4.5 0.953811 0.0281851 0.132291
5.5 1.09654 0.0595036 0.152088
7 0.918906 0.0777213 0.12745
***
1.625 0.981466 0.00517941 0.136127
1.875 0.98053 0.00660866 0.135997
2.125 1.01998 0.00867736 0.141468
2.375 1.05338 0.0111039 0.146101
2.75 1.02805 0.0108999 0.142588
3.25 1.07466 0.0174277 0.149053
3.75 0.989968 0.024644 0.137306
4.5 1.09426 0.0310792 0.151772
5.5 1.12645 0.0618151 0.156236
7 1.31379 0.0969248 0.182219
***
