$p_{T} [GeV/c]$
2
$R_{pA}$
$R_{pA}$
p+Au, $1.2<\eta<2.4$ (global err. 12.0%)
p+Au, $-2.2<\eta<-1.2$ (global err. 12.0%)
none
none
none
2
stat
symmetric
syst
symmetric
1.625 0.652532 0.00166654 0.0905822
1.875 0.711241 0.00225136 0.0987319
2.125 0.734012 0.00287896 0.101893
2.375 0.799788 0.00389277 0.111024
2.75 0.824542 0.00391345 0.11446
3.25 0.90551 0.00663135 0.1257
3.75 0.899415 0.0098381 0.124854
4.5 0.863244 0.0112832 0.119833
5.5 0.878073 0.0221978 0.121891
7 0.915863 0.0336956 0.127137
9 0.909512 0.0757351 0.126255
***
1.625 1.36562 0.0033724 0.215062
1.875 1.39107 0.0042425 0.21907
2.125 1.42043 0.00541046 0.223693
2.375 1.37044 0.00662066 0.215821
2.75 1.42958 0.00683983 0.225135
3.25 1.38734 0.0104262 0.218483
3.75 1.31022 0.0148484 0.206338
4.5 1.20682 0.0163653 0.190054
5.5 1.06184 0.0280992 0.167222
7 1.1531 0.044918 0.181594
9 1.36834 0.115517 0.215491
***
