$p_{T} [GeV/c]$
6
$R_{pA}$
$R_{pA}$
$R_{pA}$
$R_{pA}$
$R_{pA}$
p+Al 0%-5%, $-2.2<\eta<-1.4$ (global err. 13.2%)
p+Al 5%-10%, $-2.2<\eta<-1.4$ (global err. 12.5%)
p+Al 10%-20%, $-2.2<\eta<-1.4$ (global err. 13.3%)
p+Al 20%-40%, $-2.2<\eta<-1.4$ (global err. 12.2%)
p+Al 40%-72%, $-2.2<\eta<-1.4$ (global err. 11.9%)
none
none
none
2
stat
symmetric
syst
symmetric
1.625 1.4086 0.0106031 0.20101
1.875 1.40943 0.0135708 0.201129
2.125 1.41916 0.0174775 0.202518
2.375 1.32661 0.0208088 0.189311
2.75 1.20594 0.019848 0.172091
3.25 1.14146 0.0294037 0.16289
3.75 1.11677 0.0428892 0.159366
4.5 0.996577 0.0474237 0.142214
5.5 1.05804 0.0935871 0.150985
7 0.995487 0.132682 0.142059
***
1.625 1.2803 0.0114569 0.182702
1.875 1.31927 0.0150014 0.188264
2.125 1.34471 0.0192634 0.191894
2.375 1.19405 0.0225934 0.170393
2.75 1.2016 0.0227714 0.171472
3.25 1.07476 0.032456 0.153371
3.75 1.21589 0.0510146 0.17351
4.5 0.9235 0.051914 0.131786
5.5 0.781074 0.0909772 0.111461
7 1.07464 0.157607 0.153354
***
1.625 1.38096 0.00969857 0.197067
1.875 1.37696 0.0123546 0.196495
2.125 1.37408 0.0158177 0.196084
2.375 1.29873 0.0190721 0.185332
2.75 1.21435 0.0182424 0.17329
3.25 1.14525 0.0272095 0.16343
3.75 0.96285 0.0366747 0.137401
4.5 0.980536 0.0433509 0.139925
5.5 0.998358 0.0838856 0.142468
7 0.703935 0.10261 0.100453
***
1.625 1.19665 0.00731487 0.170765
1.875 1.24221 0.00953641 0.177266
2.125 1.24519 0.0121143 0.177692
2.375 1.14499 0.014465 0.163393
2.75 1.15369 0.0146703 0.164635
3.25 1.07614 0.0213466 0.153569
3.75 1.04511 0.0310241 0.14914
4.5 1.02214 0.0359702 0.145861
5.5 1.03106 0.069196 0.147135
7 0.711909 0.0833587 0.101591
***
1.625 1.06317 0.00701361 0.151717
1.875 1.17078 0.0094176 0.167073
2.125 1.09403 0.0115076 0.156121
2.375 1.00544 0.0137459 0.143479
2.75 0.981315 0.0135777 0.140036
3.25 0.96239 0.0204704 0.137335
3.75 0.986536 0.0306117 0.140781
4.5 0.924443 0.0347116 0.13192
5.5 0.987897 0.0686253 0.140975
7 0.85885 0.0936735 0.12256
***
