$p_{T} [GeV/c]$
6
$R_{pA}$
$R_{pA}$
$R_{pA}$
$R_{pA}$
$R_{pA}$
$R_{pA}$
p+Au 0%-5%, $-2.2<\eta<-1.4$ (global err. 11.7%)
p+Au 5%-10%, $-2.2<\eta<-1.4$ (global err. 12.1%)
p+Au 10%-20%, $-2.2<\eta<-1.4$ (global err. 12.0%)
p+Au 20%-40%, $-2.2<\eta<-1.4$ (global err. 12.1%)
p+Au 40%-60%, $-2.2<\eta<-1.4$ (global err. 12.1%)
p+Au 60%-84%, $-2.2<\eta<-1.4$ (global err. 13.5%)
none
none
none
2
stat
symmetric
syst
symmetric
1.625 1.7692 0.00915762 0.278619
1.875 2.08554 0.0130786 0.328438
2.125 2.10459 0.0166425 0.331437
2.375 1.98343 0.0195909 0.312357
2.75 2.03868 0.0199218 0.321058
3.25 1.95773 0.0297099 0.30831
3.75 1.73739 0.0408846 0.27361
4.5 1.47231 0.0432682 0.231865
5.5 1.32311 0.0755926 0.208368
7 1.22876 0.110921 0.193509
9 1.45074 0.278308 0.228467
***
1.625 1.59411 0.00899712 0.251045
1.875 1.81309 0.0126712 0.285531
2.125 1.86806 0.016299 0.294188
2.375 1.78362 0.0193785 0.280891
2.75 1.77129 0.0191871 0.278948
3.25 1.72911 0.0290204 0.272306
3.75 1.5949 0.0408055 0.251171
4.5 1.43611 0.0446178 0.226163
5.5 1.19159 0.0746525 0.187656
7 1.0278 0.105359 0.161861
9 1.52677 0.298877 0.240441
***
1.625 1.48309 0.0067562 0.233562
1.875 1.68994 0.00948097 0.266137
2.125 1.71649 0.0121344 0.270318
2.375 1.57194 0.0141069 0.247554
2.75 1.63765 0.0143592 0.257903
3.25 1.50626 0.0209052 0.237211
3.75 1.47381 0.0303971 0.232101
4.5 1.29783 0.0328217 0.204387
5.5 1.11569 0.0559419 0.175702
7 1.42561 0.0978048 0.22451
9 1.32281 0.214683 0.20832
***
1.625 1.23087 0.00485196 0.193841
1.875 1.42505 0.00693848 0.224422
2.125 1.5039 0.00907534 0.236839
2.375 1.37912 0.0105167 0.217189
2.75 1.46693 0.0109875 0.231017
3.25 1.38673 0.0162058 0.218386
3.75 1.31562 0.0231657 0.207188
4.5 1.22871 0.0258741 0.193502
5.5 1.08228 0.044667 0.170441
7 1.13009 0.0696788 0.17797
9 1.69953 0.203571 0.267648
***
1.625 1.02282 0.00507507 0.161076
1.875 1.22504 0.007401 0.192924
2.125 1.30977 0.00980112 0.206266
2.375 1.19591 0.0113111 0.188336
2.75 1.26285 0.0116102 0.198877
3.25 1.14769 0.0167765 0.180742
3.75 1.12247 0.0243927 0.17677
4.5 1.1156 0.0282333 0.175689
5.5 1.02989 0.0501317 0.16219
7 1.15929 0.0816578 0.18257
9 1.17425 0.188419 0.184926
***
1.625 0.847037 0.00522658 0.133394
1.875 0.922967 0.00712976 0.145352
2.125 1.0273 0.00972757 0.161782
2.375 0.91873 0.0110787 0.144685
2.75 0.990478 0.011571 0.155984
3.25 0.907291 0.0167854 0.142883
3.75 0.855645 0.0239534 0.13475
4.5 0.85688 0.0278372 0.134944
5.5 0.747089 0.0479817 0.117654
7 0.95769 0.0838459 0.15082
9 0.948102 0.191311 0.14931
***
