$p_{T} [GeV/c]$
6
$R_{pA}$
$R_{pA}$
$R_{pA}$
$R_{pA}$
$R_{pA}$
$R_{pA}$
p+Au 0%-5%, $1.4<\eta<2.4$ (global err. 11.7%)
p+Au 5%-10%, $1.4<\eta<2.4$ (global err. 12.1%)
p+Au 10%-20%, $1.4<\eta<2.4$ (global err. 12.0%)
p+Au 20%-40%, $1.4<\eta<2.4$ (global err. 12.1%)
p+Au 40%-60%, $1.4<\eta<2.4$ (global err. 12.1%)
p+Au 60%-84%, $1.4<\eta<2.4$ (global err. 13.5%)
none
none
none
2
stat
symmetric
syst
symmetric
1.625 0.442874 0.00309293 0.0614782
1.875 0.534624 0.00451113 0.0742145
2.125 0.576806 0.00594865 0.0800701
2.375 0.611825 0.00776475 0.0849314
2.75 0.638231 0.00773656 0.088597
3.25 0.658867 0.0123501 0.0914615
3.75 0.644894 0.0180292 0.0895219
4.5 0.60732 0.0205389 0.084306
5.5 0.540481 0.0372953 0.0750276
7 0.54705 0.0562224 0.0759395
9 0.445679 0.112895 0.0618676
***
1.625 0.50099 0.00352681 0.0695457
1.875 0.57242 0.00497841 0.0794612
2.125 0.612513 0.0065042 0.0850268
2.375 0.667405 0.00877414 0.0926468
2.75 0.668774 0.00838543 0.0928368
3.25 0.771182 0.0144142 0.107053
3.75 0.750649 0.0209799 0.104202
4.5 0.744419 0.0245991 0.103338
5.5 0.645422 0.0439983 0.0895952
7 0.714554 0.0695827 0.0991918
9 0.782962 0.163613 0.108688
***
1.625 0.573117 0.00296843 0.079558
1.875 0.640919 0.00409095 0.0889701
2.125 0.680216 0.00526995 0.0944252
2.375 0.748137 0.00717039 0.103854
2.75 0.791168 0.00727642 0.109827
3.25 0.874325 0.0121255 0.121371
3.75 0.836053 0.0174828 0.116058
4.5 0.787929 0.0199005 0.109377
5.5 0.900699 0.0415457 0.125032
7 0.706943 0.0541373 0.0981353
9 0.808819 0.130846 0.112277
***
1.625 0.612665 0.00252884 0.085048
1.875 0.692989 0.00349265 0.0961983
2.125 0.755239 0.00465245 0.10484
2.375 0.836228 0.00625864 0.116082
2.75 0.864773 0.00628737 0.120045
3.25 0.933221 0.0104355 0.129546
3.75 0.97389 0.0158668 0.135192
4.5 0.954494 0.0184779 0.1325
5.5 0.960848 0.0359269 0.133382
7 1.00364 0.0548695 0.139322
9 0.964271 0.120288 0.133857
***
1.625 0.682566 0.00312296 0.0947513
1.875 0.778694 0.00440774 0.108096
2.125 0.823067 0.0057281 0.114255
2.375 0.89802 0.00761412 0.12466
2.75 0.930918 0.0076003 0.129227
3.25 1.0274 0.0129232 0.142619
3.75 1.00767 0.018887 0.139881
4.5 0.981015 0.0218591 0.136181
5.5 1.00181 0.0427443 0.139068
7 1.18373 0.0701243 0.164322
9 1.20268 0.158527 0.166952
***
1.625 0.720768 0.00371268 0.100054
1.875 0.781449 0.00502152 0.108478
2.125 0.846302 0.00668744 0.117481
2.375 0.873698 0.00858393 0.121284
2.75 0.957743 0.00890506 0.13295
3.25 1.11058 0.0155381 0.154167
3.75 1.08852 0.0227186 0.151105
4.5 0.997815 0.0254774 0.138513
5.5 1.05601 0.0508602 0.146591
7 1.18607 0.0812662 0.164647
9 1.10349 0.174876 0.153182
***
