 0.40000     0.00000
 0.80000     0.00000
 1.20000     0.00000
 1.60000     0.00000
 2.00000     0.00000
 2.40000     0.00000
 2.80000     0.00000
 3.20000    -0.00001
 3.60000    -0.00002
 4.00000    -0.00003
 4.40000    -0.00005
 4.80000    -0.00009
 5.20000    -0.00014
 5.60000    -0.00021
 6.00000    -0.00031
 6.40000    -0.00044
 6.80000    -0.00061
 7.20000    -0.00082
 7.60000    -0.00106
 8.00000    -0.00136
 8.40000    -0.00172
 8.80000    -0.00212
 9.20000    -0.00258
 9.60000    -0.00309
10.00000    -0.00364
10.40000    -0.00425
10.80000    -0.00490
11.20000    -0.00558
11.60000    -0.00628
12.00000    -0.00701
12.40000    -0.00775
12.80000    -0.00848
13.20000    -0.00921
13.60000    -0.00992
14.00000    -0.01060
14.40000    -0.01125
14.80000    -0.01185
15.20000    -0.01240
15.60000    -0.01291
16.00000    -0.01336
16.40000    -0.01373
16.80000    -0.01404
17.20000    -0.01428
17.60000    -0.01446
18.00000    -0.01458
18.40000    -0.01462
18.80000    -0.01460
19.20000    -0.01452
19.60000    -0.01439
20.00000    -0.01422
20.40000    -0.01398
20.80000    -0.01370
21.20000    -0.01339
21.60000    -0.01305
22.00000    -0.01267
22.40000    -0.01227
22.80000    -0.01185
23.20000    -0.01142
23.60000    -0.01097
24.00000    -0.01052
24.40000    -0.01006
24.80000    -0.00961
25.20000    -0.00915
25.60000    -0.00870
26.00000    -0.00825
26.40000    -0.00782
26.80000    -0.00740
27.20000    -0.00698
27.60000    -0.00658
28.00000    -0.00619
28.40000    -0.00582
28.80000    -0.00547
29.20000    -0.00513
29.60000    -0.00480
30.00000    -0.00449
30.40000    -0.00420
30.80000    -0.00392
31.20000    -0.00365
31.60000    -0.00341
32.00000    -0.00317
32.40000    -0.00295
32.80000    -0.00275
33.20000    -0.00255
33.60000    -0.00237
34.00000    -0.00220
34.40000    -0.00204
34.80000    -0.00190
35.20000    -0.00176
35.60000    -0.00163
36.00000    -0.00152
36.40000    -0.00141
36.80000    -0.00131
37.20000    -0.00121
37.60000    -0.00112
38.00000    -0.00104
38.40000    -0.00097
38.80000    -0.00090
39.20000    -0.00084
39.60000    -0.00078
40.00000    -0.00073
40.40000    -0.00068
40.80000    -0.00063
41.20000    -0.00059
41.60000    -0.00055
42.00000    -0.00051
42.40000    -0.00048
42.80000    -0.00045
43.20000    -0.00042
43.60000    -0.00040
44.00000    -0.00037
44.40000    -0.00035
44.80000    -0.00033
45.20000    -0.00031
45.60000    -0.00030
46.00000    -0.00028
46.40000    -0.00027
46.80000    -0.00025
47.20000    -0.00024
47.60000    -0.00023
48.00000    -0.00022
48.40000    -0.00021
48.80000    -0.00020
49.20000    -0.00019
49.60000    -0.00019
50.00000    -0.00018
50.40000    -0.00017
50.80000    -0.00017
51.20000    -0.00016
51.60000    -0.00015
52.00000    -0.00015
52.40000    -0.00015
52.80000    -0.00014
53.20000    -0.00014
53.60000    -0.00013
54.00000    -0.00013
54.40000    -0.00013
54.80000    -0.00012
55.20000    -0.00012
55.60000    -0.00012
56.00000    -0.00012
56.40000    -0.00011
56.80000    -0.00011
57.20000    -0.00011
57.60000    -0.00011
58.00000    -0.00011
58.40000    -0.00011
58.80000    -0.00010
59.20000    -0.00010
59.60000    -0.00010
60.00000    -0.00010
60.40000    -0.00010
60.80000    -0.00010
61.20000    -0.00010
61.60000    -0.00009
62.00000    -0.00009
62.40000    -0.00009
62.80000    -0.00009
63.20000    -0.00009
63.59999    -0.00009
64.00000    -0.00009
64.39999    -0.00009
64.80000    -0.00009
65.20000    -0.00009
65.60000    -0.00009
66.00000    -0.00009
66.40000    -0.00009
66.80000    -0.00009
67.20000    -0.00008
67.60000    -0.00008
68.00000    -0.00008
68.39999    -0.00008
68.80000    -0.00008
69.20000    -0.00008
69.60000    -0.00008
70.00000    -0.00008
70.40000    -0.00008
70.80000    -0.00008
71.20000    -0.00008
71.60000    -0.00008
72.00000    -0.00008
72.39999    -0.00008
72.80000    -0.00008
73.20000    -0.00008
73.60000    -0.00008
74.00000    -0.00008
74.40000    -0.00008
74.80000    -0.00008
75.20000    -0.00008
75.60000    -0.00008
76.00000    -0.00008
76.39999    -0.00008
76.80000    -0.00008
77.20000    -0.00008
77.60000    -0.00008
78.00000    -0.00008
78.40000    -0.00008
78.80000    -0.00007
79.20000    -0.00007
79.60000    -0.00007
80.00000    -0.00007
80.39999    -0.00007
80.80000    -0.00007
81.20000    -0.00007
81.60000    -0.00007
81.99999    -0.00007
82.40000    -0.00007
82.80000    -0.00007
83.20000    -0.00007
83.60000    -0.00007
84.00000    -0.00007
84.40000    -0.00007
84.80000    -0.00007
85.20000    -0.00007
85.60000    -0.00007
85.99999    -0.00007
86.39999    -0.00007
86.80000    -0.00007
87.20000    -0.00007
87.60000    -0.00007
88.00000    -0.00007
88.40000    -0.00007
88.80000    -0.00007
89.20000    -0.00007
89.60000    -0.00007
89.99999    -0.00007
90.39999    -0.00007
90.80000    -0.00007
91.20000    -0.00007
91.60000    -0.00007
92.00000    -0.00007
92.40000    -0.00007
92.80000    -0.00007
93.20000    -0.00007
93.60000    -0.00007
94.00000    -0.00007
94.39999    -0.00007
94.80000    -0.00007
95.20000    -0.00007
95.59999    -0.00007
96.00000    -0.00007
96.40000    -0.00007
96.80000    -0.00007
97.20000    -0.00007
97.60000    -0.00006
98.00000    -0.00006
98.39999    -0.00006
98.80000    -0.00006
99.20000    -0.00006
99.60000    -0.00006
99.99999    -0.00006
