Centrality:0-10
pt GeV/c  v2  stat.  pt-uncorrelated sys.  pt-correlated sys.  
0.511899 0.00796115 0.000324557 0.000125149 0.00523248
0.700931 0.0191311 0.000260912 0.00030074 0.00528569
0.89724 0.0307229 0.000273813 0.000482964 0.00538585
1.09582 0.0407453 0.000315097 0.000640516 0.00550747
1.29493 0.0492454 0.000381253 0.000774138 0.00563445
1.49447 0.0567217 0.00047103 0.000891665 0.00576302
1.69512 0.0616725 0.000581931 0.000969493 0.00585632
1.89438 0.0672903 0.000712703 0.0010578 0.00596963
2.094 0.0711327 0.000902998 0.00111821 0.00605147
2.29336 0.0726818 0.00116641 0.00114256 0.00608542
2.49317 0.0731553 0.00153181 0.00115 0.0060959
2.69304 0.0781934 0.00201242 0.0012292 0.00621051
2.89271 0.0705972 0.00266511 0.00110979 0.00603986
3.20523 0.0689882 0.00324207 0.0010845 0.00600537
3.70825 0.0615355 0.00567109 0.000967338 0.00585366

Centrality:10-20
pt GeV/c  v2  stat.  pt-uncorrelated sys.  pt-correlated sys.  
0.512095 0.0210314 0.000288075 0.000134287 0.00542071
0.701037 0.0391932 0.000230174 0.000250251 0.00551431
0.897342 0.0579828 0.000240619 0.000370224 0.00566712
1.0959 0.0749293 0.000276248 0.000478429 0.00585012
1.295 0.0890893 0.000332956 0.000568842 0.00603301
1.4945 0.102183 0.000410792 0.000652443 0.00622421
1.69512 0.112722 0.000506411 0.000719735 0.00639219
1.89452 0.120533 0.000617904 0.000769611 0.00652419
2.0942 0.126557 0.000776927 0.000808075 0.00663008
2.29359 0.129212 0.000995313 0.000825031 0.00667784
2.49331 0.131603 0.00129501 0.000840293 0.00672138
2.69354 0.133271 0.00169244 0.000850943 0.00675206
2.8931 0.13678 0.00222318 0.000873351 0.00681742
3.20654 0.128392 0.00258566 0.00081979 0.00666301
3.70862 0.121113 0.00448763 0.000773313 0.00653423

Centrality:20-30
pt GeV/c  v2  stat.  pt-uncorrelated sys.  pt-correlated sys.  
0.512127 0.032549 0.000324327 0.000210641 0.00220858
0.70106 0.0570995 0.000259128 0.000369521 0.00255791
0.897328 0.0810527 0.00027117 0.000524534 0.00300773
1.09586 0.102642 0.000311035 0.000664252 0.00347085
1.29497 0.121686 0.000374946 0.000787497 0.00390882
1.49457 0.136463 0.000461992 0.00088312 0.004262
1.69515 0.148369 0.000569325 0.000960176 0.00455307
1.8946 0.158331 0.000692712 0.00102464 0.0048002
2.0944 0.16383 0.000866287 0.00106023 0.00493782
2.29372 0.167374 0.00110066 0.00108317 0.00502694
2.49327 0.170054 0.00142406 0.00110051 0.00509452
2.69336 0.170078 0.00185268 0.00110066 0.00509513
2.89304 0.169073 0.00241809 0.00109416 0.00506976
3.20693 0.167 0.00271959 0.00108074 0.00501752
3.7095 0.156302 0.00464899 0.00101151 0.00474962

Centrality:30-40
pt GeV/c  v2  stat.  pt-uncorrelated sys.  pt-correlated sys.  
0.512038 0.0427719 0.0004078 0.000144217 0.00193573
0.700891 0.0697875 0.000327516 0.000235307 0.00250515
0.897235 0.0978645 0.000344296 0.000329976 0.00319221
1.09578 0.121553 0.000396453 0.00040985 0.00380955
1.29495 0.141434 0.000478639 0.000476883 0.00434287
1.49441 0.158482 0.000590593 0.000534365 0.00480753
1.69509 0.169854 0.00072777 0.000572707 0.00512028
1.89464 0.179972 0.00088409 0.000606825 0.00540009
2.09445 0.186892 0.00110015 0.000630157 0.00559214
2.29392 0.190793 0.00138989 0.000643309 0.00570062
2.49374 0.187629 0.0017936 0.00063264 0.00561261
2.69342 0.190715 0.00231258 0.000643046 0.00569846
2.89334 0.19669 0.00299789 0.000663194 0.00586494
3.20832 0.179704 0.00328971 0.00060592 0.00539265
3.70904 0.172419 0.00557612 0.000581356 0.00519109

Centrality:40-50
pt GeV/c  v2  stat.  pt-uncorrelated sys.  pt-correlated sys.  
0.511754 0.0494669 0.000574081 0.000216757 0.00181316
0.700637 0.0782736 0.000466114 0.000342984 0.00262095
0.896994 0.108081 0.000494212 0.000473594 0.00350374
1.09567 0.130113 0.000573719 0.000570135 0.00416946
1.29495 0.152022 0.000695455 0.000666136 0.00483746
1.49452 0.16831 0.000859489 0.00073751 0.00533665
1.69505 0.181485 0.00105974 0.00079524 0.00574156
1.8947 0.191291 0.00128496 0.000838211 0.0060435
2.09466 0.194387 0.00159359 0.000851775 0.00613889
2.294 0.197233 0.00200633 0.000864244 0.00622662
2.49371 0.196605 0.00257181 0.000861496 0.00620728
2.69346 0.19963 0.00330509 0.000874752 0.00630056
2.89344 0.202797 0.00426997 0.000888625 0.00639823
3.2089 0.197137 0.00457956 0.000863826 0.00622367
3.71167 0.198031 0.00765278 0.000867745 0.00625125

Centrality:50-60
pt GeV/c  v2  stat.  pt-uncorrelated sys.  pt-correlated sys.  
0.511336 0.0516326 0.000941489 0.000284895 0.00219501
0.700278 0.0823438 0.000776629 0.000454351 0.00319498
0.896675 0.112149 0.000834645 0.000618806 0.00421916
1.09544 0.133846 0.000975857 0.000738526 0.00497926
1.29482 0.152488 0.00119118 0.000841389 0.00563784
1.4945 0.168688 0.00147626 0.000930773 0.00621295
1.6953 0.180153 0.00182174 0.000994033 0.00662115
1.89501 0.189262 0.00220805 0.00104429 0.00694605
2.09485 0.191823 0.00272052 0.00105843 0.00703749
2.29401 0.19337 0.00341227 0.00106696 0.00709272
2.4935 0.202971 0.00434725 0.00111994 0.00743582
2.69369 0.196185 0.00558598 0.00108249 0.00719326
2.89318 0.186807 0.00720006 0.00103075 0.00685845
3.20983 0.195757 0.00753842 0.00108013 0.00717798
3.70951 0.186955 0.0124886 0.00103156 0.00686371

Centrality:30-50
pt GeV/c  v2  stat.  pt-uncorrelated sys.  pt-correlated sys.  
0.511943 0.0454278 0.000332458 0.000157376 0.00184569
0.700807 0.0731108 0.000267977 0.000253279 0.0025126
0.897156 0.10182 0.000282502 0.000352738 0.00328047
1.09574 0.124838 0.000326156 0.000432478 0.00392205
1.29495 0.145477 0.000394283 0.000503978 0.00450823
1.49444 0.162226 0.000486754 0.000562002 0.00498888
1.69507 0.174284 0.000599925 0.000603775 0.00533694
1.89466 0.184293 0.000728348 0.000638448 0.00562688
2.09452 0.189765 0.000905357 0.000657407 0.00578575
2.29394 0.193274 0.00114252 0.000669561 0.00588772
2.49373 0.191119 0.00147116 0.000662097 0.00582509
2.69343 0.194186 0.00189481 0.000672721 0.00591425
2.89337 0.199093 0.00245356 0.000689722 0.00605705
3.20852 0.186727 0.0026718 0.000646883 0.00569754
3.70995 0.18287 0.00450668 0.000633518 0.00558561

Centrality:0-50
pt GeV/c  v2  stat.  pt-uncorrelated sys.  pt-correlated sys.  
0.512022 0.0243167 0.000157921 0.000130723 0.00122513
0.700966 0.043456 0.00012661 0.000233612 0.00166702
0.897274 0.062932 0.000132757 0.000338312 0.00219555
1.09584 0.0797154 0.000152653 0.000428537 0.00267942
1.29497 0.0943453 0.000184284 0.000507185 0.0031126
1.4945 0.106687 0.000227396 0.000573531 0.00348321
1.69512 0.11602 0.00028043 0.000623705 0.00376573
1.89454 0.12427 0.000341855 0.000668054 0.0040167
2.09428 0.130009 0.00042892 0.000698905 0.00419185
2.29365 0.133495 0.000547504 0.000717649 0.00429847
2.49337 0.135044 0.000711097 0.000725976 0.00434588
2.69337 0.138393 0.00092612 0.000743976 0.00444846
2.89307 0.138778 0.00121245 0.000746049 0.00446028
3.20693 0.136595 0.00138675 0.000734312 0.00439337
3.70916 0.130838 0.00238194 0.000703364 0.00421721

