Centrality:0-10
pt GeV/c  v2  stat.  pt-uncorrelated sys.  pt-correlated sys.  
0.51585 0.000727983 0.000425097 5.91707e-06 0.00519254
0.704813 0.00566308 0.000297131 4.60297e-05 0.00519816
0.900742 0.0136281 0.00026809 0.00011077 0.00522542
1.09828 0.0250257 0.000274267 0.00020341 0.00530282
1.29657 0.0370768 0.000305175 0.000301362 0.00543177
1.49522 0.048881 0.000358791 0.000397306 0.00560186
1.6949 0.0608268 0.00043779 0.000494403 0.00581419
1.89446 0.0697447 0.000542177 0.000566888 0.00599654
2.09404 0.0773137 0.000684051 0.000628409 0.00616581
2.29394 0.0842604 0.000876243 0.000684871 0.00633192
2.49392 0.0916704 0.00111554 0.000745101 0.00651955
2.69389 0.0954557 0.00142348 0.000775868 0.00661926
2.89377 0.0987706 0.00181917 0.000802811 0.00670861
3.20023 0.0940916 0.00274343 0.00076478 0.00658303
3.70353 0.107556 0.00507457 0.00087422 0.006954

Centrality:10-20
pt GeV/c  v2  stat.  pt-uncorrelated sys.  pt-correlated sys.  
0.516645 0.00677168 0.000375119 5.36902e-05 0.00538136
0.704855 0.01606 0.00025927 0.000127334 0.00539977
0.900702 0.0316519 0.000234072 0.000250956 0.00546384
1.09819 0.0512269 0.000240063 0.000406159 0.00560105
1.29647 0.0715798 0.000267707 0.00056753 0.00580609
1.49523 0.0923915 0.000315281 0.000732539 0.00607486
1.69494 0.110862 0.00038428 0.000878984 0.00635743
1.89452 0.127135 0.000475185 0.00100801 0.00663635
2.09414 0.141641 0.000597513 0.00112302 0.00690576
2.29406 0.152214 0.000761426 0.00120685 0.00711316
2.49412 0.162737 0.000966586 0.00129028 0.0073279
2.69417 0.170938 0.00122583 0.0013553 0.00750059
2.89381 0.174922 0.00155681 0.0013869 0.00758607
3.20168 0.176266 0.00225786 0.00139755 0.00761511
3.70478 0.174752 0.00409344 0.00138555 0.0075824

Centrality:20-30
pt GeV/c  v2  stat.  pt-uncorrelated sys.  pt-correlated sys.  
0.517179 0.0146011 0.000415342 7.47759e-05 0.00191814
0.704799 0.0287415 0.00028569 0.000147192 0.00203542
0.900476 0.0501943 0.000259465 0.000257057 0.00232896
1.09801 0.0765736 0.000268095 0.000392152 0.00282027
1.2964 0.102903 0.000301076 0.000526989 0.00339543
1.49517 0.128385 0.000355991 0.000657492 0.00399848
1.69491 0.151448 0.000434895 0.000775602 0.00456841
1.89444 0.172332 0.000537836 0.000882555 0.00509765
2.09417 0.189292 0.000675337 0.000969408 0.00553406
2.29418 0.202852 0.000859374 0.00103885 0.00588633
2.49412 0.214018 0.00108696 0.00109604 0.00617823
2.69448 0.22266 0.00137507 0.0011403 0.0064051
2.89405 0.231335 0.00173406 0.00118472 0.00663361
3.20322 0.229975 0.00244728 0.00117776 0.00659774
3.70646 0.226598 0.0043918 0.00116046 0.00650874

Centrality:30-40
pt GeV/c  v2  stat.  pt-uncorrelated sys.  pt-correlated sys.  
0.517613 0.0230178 0.000507777 9.63559e-05 0.00183752
0.704487 0.0416355 0.000349677 0.000174292 0.00209224
0.900176 0.0674413 0.000321383 0.000282319 0.00259195
1.0977 0.0968543 0.000336257 0.000405446 0.00327671
1.2961 0.127414 0.000381593 0.000533375 0.00405417
1.49498 0.155728 0.000455035 0.000651902 0.00480656
1.69477 0.180918 0.000558587 0.000757349 0.00549135
1.8945 0.202575 0.000693808 0.000848009 0.00608782
2.09408 0.219786 0.000872771 0.000920058 0.00656557
2.2941 0.235053 0.00110887 0.000983965 0.0069915
2.49415 0.245889 0.00140092 0.00102933 0.00729486
2.69411 0.25771 0.00176488 0.00107881 0.00762661
2.89387 0.263304 0.00223795 0.00110223 0.0077839
3.20483 0.264227 0.00308625 0.00110609 0.00780988
3.70651 0.268922 0.00544049 0.00112575 0.00794201

Centrality:40-50
pt GeV/c  v2  stat.  pt-uncorrelated sys.  pt-correlated sys.  
0.517754 0.0313179 0.000686593 0.000166183 0.00155064
0.704098 0.053348 0.000477364 0.000283083 0.00205427
0.899685 0.0821874 0.000446765 0.000436115 0.0028328
1.09725 0.113548 0.000476327 0.000602523 0.00374161
1.29575 0.145572 0.000548624 0.000772456 0.0046986
1.4948 0.174179 0.000662217 0.000924252 0.005566
1.6946 0.198991 0.000819948 0.00105592 0.00632401
1.89425 0.220783 0.00102523 0.00117155 0.00699265
2.09404 0.241295 0.00129269 0.00128039 0.00762385
2.29406 0.252408 0.0016511 0.00133936 0.0079664
2.49405 0.262559 0.00208042 0.00139323 0.00827959
2.69428 0.268631 0.00263179 0.00142545 0.00846708
2.89435 0.280613 0.00331715 0.00148903 0.00883726
3.20421 0.275137 0.00449828 0.00145997 0.00866802
3.70627 0.285715 0.00789795 0.0015161 0.00899497

Centrality:50-60
pt GeV/c  v2  stat.  pt-uncorrelated sys.  pt-correlated sys.  
0.517877 0.03597 0.00107253 0.000173005 0.00155595
0.703484 0.0606008 0.000757104 0.000291472 0.00235304
0.899029 0.0914367 0.000726754 0.000439784 0.00341731
1.09671 0.124645 0.000792346 0.000599508 0.00459106
1.29538 0.155964 0.000930207 0.000750143 0.00570877
1.49442 0.183012 0.00113914 0.000880237 0.00667835
1.69446 0.208303 0.00142865 0.00100188 0.0075871
1.89406 0.225636 0.00180012 0.00108525 0.00821079
2.0941 0.24248 0.00227853 0.00116626 0.00881736
2.29403 0.26024 0.00291326 0.00125168 0.00945732
2.49416 0.266959 0.00369293 0.00128399 0.00969953
2.69439 0.272097 0.0046807 0.00130871 0.00988479
2.894 0.271716 0.00586996 0.00130688 0.00987106
3.20438 0.276937 0.00789426 0.00133199 0.0100593
3.70798 0.279741 0.0137912 0.00134547 0.0101605

Centrality:30-50
pt GeV/c  v2  stat.  pt-uncorrelated sys.  pt-correlated sys.  
0.517663 0.0264674 0.000408258 0.000110251 0.00165805
0.704351 0.0464537 0.000282091 0.000193505 0.00200998
0.900008 0.0733765 0.000260893 0.000305652 0.00262632
1.09755 0.103424 0.000274704 0.000430818 0.00340633
1.29598 0.134431 0.000313267 0.000559977 0.00425858
1.49492 0.162752 0.000375031 0.00067795 0.0050587
1.69472 0.187734 0.000461642 0.000782014 0.00577459
1.89442 0.209386 0.0005746 0.000872205 0.00640014
2.09407 0.227804 0.000723342 0.000948923 0.00693496
2.29409 0.241497 0.000920536 0.00100596 0.00733388
2.49412 0.252097 0.00116202 0.00105012 0.00764331
2.69416 0.261763 0.0014658 0.00109038 0.00792588
2.89402 0.269766 0.00185521 0.00112372 0.00816011
3.20463 0.268384 0.00254487 0.00111796 0.00811965
3.70643 0.275355 0.00448037 0.001147 0.00832382

Centrality:0-50
pt GeV/c  v2  stat.  pt-uncorrelated sys.  pt-correlated sys.  
0.516842 0.011146 0.000202291 5.12053e-05 0.00108549
0.704708 0.0227028 0.000139998 0.000104298 0.00125049
0.900491 0.0393605 0.000127297 0.000180824 0.00160696
1.09802 0.0594364 0.000131521 0.000273054 0.00212992
1.29637 0.0799235 0.000147582 0.000367173 0.00271101
1.49515 0.0996707 0.00017453 0.000457893 0.00329299
1.69488 0.117838 0.000213351 0.000541356 0.00383891
1.89447 0.133398 0.000264292 0.000612837 0.00431147
2.09411 0.146859 0.000332561 0.000674679 0.0047229
2.29406 0.157701 0.000424041 0.000724488 0.00505561
2.49407 0.167651 0.000537535 0.0007702 0.0053618
2.69418 0.175273 0.000681472 0.000805215 0.00559679
2.89391 0.181327 0.000864554 0.000833025 0.00578368
3.20248 0.184429 0.00123997 0.000847278 0.00587954
3.70539 0.190987 0.00223509 0.000877405 0.00608232

