Centrality:0-10
pt GeV/c  v2  stat.  pt-uncorrelated sys.  pt-correlated sys.  
0.493569 0.0191896 5.75448e-05 0.000282097 0.00526193
0.692064 0.0304213 7.72144e-05 0.000447209 0.00535897
0.892275 0.0404469 0.000106249 0.000594589 0.0054802
1.09261 0.0495616 0.000144088 0.000728581 0.00561694
1.29257 0.0569907 0.000194978 0.000837793 0.0057458
1.49249 0.0627434 0.000262933 0.00092236 0.00585561
1.693 0.0676289 0.000352223 0.000994178 0.00595535
1.89267 0.0720071 0.000468008 0.00105854 0.00604954
2.09212 0.0732551 0.000636115 0.00107689 0.00607719
2.29153 0.0757326 0.000887045 0.00111331 0.00613311
2.49117 0.0751934 0.00125822 0.00110538 0.00612082
2.69076 0.0735022 0.00181097 0.00108052 0.00608271
2.8904 0.0752588 0.00264262 0.00110634 0.00612231
3.21006 0.0694433 0.00328201 0.00102085 0.00599385
3.71388 0.0575078 0.00530527 0.000845394 0.00575532

Centrality:10-20
pt GeV/c  v2  stat.  pt-uncorrelated sys.  pt-correlated sys.  
0.493737 0.0379149 5.0802e-05 0.000355058 0.00548118
0.692205 0.0569368 6.77312e-05 0.000533192 0.00563309
0.892361 0.0743542 9.27636e-05 0.000696299 0.00581992
1.09273 0.0894946 0.000125297 0.000838083 0.00601605
1.29267 0.102303 0.00016872 0.000958033 0.00620418
1.49264 0.113243 0.000226315 0.00106048 0.00637952
1.69316 0.121546 0.000301406 0.00113823 0.00652093
1.89282 0.127667 0.000397758 0.00119556 0.00662948
2.0924 0.132516 0.000536516 0.00124096 0.00671793
2.29175 0.134671 0.00074216 0.00126114 0.00675791
2.49133 0.133675 0.00104403 0.00125182 0.00673939
2.69086 0.135861 0.00149471 0.00127228 0.00678016
2.89058 0.13597 0.00216928 0.00127331 0.00678221
3.2117 0.131011 0.00263277 0.00122687 0.00669025
3.71531 0.125156 0.00419394 0.00117204 0.00658452

Centrality:20-30
pt GeV/c  v2  stat.  pt-uncorrelated sys.  pt-correlated sys.  
0.493807 0.0536462 5.71537e-05 0.000319338 0.00235683
0.692269 0.078691 7.59989e-05 0.000468421 0.00283938
0.892411 0.101042 0.000103882 0.000601466 0.00333185
1.09275 0.120745 0.000140033 0.000718755 0.00379569
1.29275 0.136908 0.000187995 0.000814968 0.00419021
1.49276 0.149733 0.000251397 0.000891312 0.00450989
1.69325 0.160059 0.000333125 0.000952779 0.00477066
1.89295 0.167729 0.000437805 0.000998433 0.004966
2.09252 0.171409 0.000587363 0.00102034 0.00506017
2.29186 0.174874 0.000805875 0.00104097 0.0051491
2.49146 0.176115 0.00112674 0.00104836 0.005181
2.69109 0.177974 0.00160717 0.00105942 0.00522882
2.89109 0.172063 0.00232628 0.00102423 0.00507693
3.21302 0.17399 0.00276678 0.0010357 0.00512638
3.7177 0.160046 0.00435837 0.000952699 0.00477032

Centrality:30-40
pt GeV/c  v2  stat.  pt-uncorrelated sys.  pt-correlated sys.  
0.493778 0.0646177 7.19227e-05 0.000272373 0.00234563
0.692251 0.0938568 9.57373e-05 0.00039562 0.00305864
0.89237 0.119526 0.000131 0.000503819 0.00372963
1.09277 0.1417 0.000176723 0.000597288 0.00432749
1.29278 0.159262 0.000237121 0.000671313 0.00480858
1.49281 0.173498 0.000316568 0.000731321 0.0052021
1.69333 0.183417 0.000418468 0.000773132 0.00547777
1.89307 0.19114 0.000548471 0.000805683 0.0056931
2.0926 0.19772 0.000731395 0.000833418 0.005877
2.29205 0.19894 0.000999529 0.000838563 0.00591115
2.49152 0.198051 0.00139347 0.000834816 0.00588628
2.69102 0.197105 0.00197593 0.000830827 0.0058598
2.89112 0.197934 0.00284581 0.000834323 0.005883
3.21328 0.193961 0.00335813 0.000817574 0.0057719
3.7169 0.179556 0.00526669 0.000756856 0.00537033

Centrality:40-50
pt GeV/c  v2  stat.  pt-uncorrelated sys.  pt-correlated sys.  
0.493659 0.0709785 0.000101351 0.000211133 0.00241331
0.69213 0.10232 0.000135569 0.000304363 0.00333331
0.892268 0.130027 0.000186362 0.000386781 0.0041686
1.09266 0.152934 0.000252307 0.000454919 0.00486687
1.29274 0.171211 0.000339175 0.000509285 0.00542706
1.49287 0.185322 0.000452994 0.000551262 0.00586091
1.69334 0.195982 0.000597692 0.000582971 0.00618925
1.89317 0.203246 0.000782117 0.000604578 0.00641322
2.09277 0.207502 0.00103961 0.000617238 0.00654455
2.29226 0.208436 0.00141501 0.000620015 0.00657336
2.49164 0.212761 0.00195781 0.000632882 0.00670689
2.69128 0.20678 0.00276678 0.000615089 0.00652225
2.89092 0.20623 0.00396067 0.000613452 0.00650527
3.21333 0.201233 0.00459846 0.000598588 0.00635112
3.72026 0.186907 0.00705915 0.000555976 0.0059097

Centrality:50-60
pt GeV/c  v2  stat.  pt-uncorrelated sys.  pt-correlated sys.  
0.49343 0.0721273 0.000165942 0.000186519 0.00264142
0.691906 0.104316 0.000223955 0.000269757 0.00379694
0.892091 0.132448 0.000310353 0.000342506 0.00481059
1.09258 0.155029 0.000422508 0.000400901 0.00562543
1.29268 0.174569 0.000569987 0.000451429 0.00633099
1.49287 0.186574 0.000762692 0.000482475 0.00676469
1.69331 0.196395 0.00100645 0.00050787 0.00711952
1.89323 0.204086 0.00131468 0.00052776 0.00739748
2.09285 0.206502 0.00174314 0.000534008 0.00748479
2.2924 0.206203 0.00235941 0.000533233 0.00747396
2.49175 0.207161 0.00325759 0.000535712 0.0075086
2.69141 0.211908 0.00457794 0.000547988 0.00768017
2.89066 0.207091 0.00650047 0.00053553 0.00750606
3.21626 0.200322 0.00741664 0.000518026 0.00726144
3.71903 0.190806 0.0114656 0.000493418 0.00691759

Centrality:30-50
pt GeV/c  v2  stat.  pt-uncorrelated sys.  pt-correlated sys.  
0.493738 0.0671373 5.86546e-05 0.000234359 0.00233845
0.692211 0.0971899 7.8203e-05 0.000339265 0.00313728
0.892336 0.123638 0.000107172 0.000431589 0.00387501
1.09273 0.146082 0.000144748 0.000509935 0.00451415
1.29277 0.163913 0.000194338 0.000572177 0.00502727
1.49283 0.1781 0.000259484 0.000621701 0.00543794
1.69334 0.188317 0.0003428 0.000657367 0.00573474
1.8931 0.195873 0.000449058 0.000683742 0.0059547
2.09266 0.201563 0.000598188 0.000703603 0.00612057
2.29212 0.202689 0.000816394 0.000707536 0.00615343
2.49156 0.203908 0.00113527 0.000711789 0.00618899
2.69111 0.200969 0.00160797 0.000701533 0.00610327
2.89105 0.201276 0.0023111 0.000702603 0.00611221
3.2133 0.196923 0.00271197 0.000687407 0.00598529
3.7181 0.182558 0.00422128 0.000637263 0.00556735

Centrality:0-50
pt GeV/c  v2  stat.  pt-uncorrelated sys.  pt-correlated sys.  
0.493714 0.0412715 2.78828e-05 0.000276776 0.00149201
0.692189 0.0614531 3.72069e-05 0.000412118 0.00206608
0.892348 0.0794991 5.09962e-05 0.000533138 0.00260286
1.09271 0.0952797 6.89101e-05 0.000638967 0.00308097
1.29269 0.108332 9.27651e-05 0.000726497 0.00348005
1.49268 0.119014 0.000124357 0.000798131 0.00380834
1.69319 0.127527 0.000165319 0.000855227 0.00407082
1.89289 0.134245 0.000217894 0.000900273 0.00427832
2.09243 0.138669 0.000293123 0.000929942 0.00441515
2.29182 0.141773 0.000404008 0.000950763 0.00451126
2.49139 0.142629 0.000566805 0.000956499 0.00453775
2.69096 0.142961 0.0008094 0.00095873 0.00454805
2.8908 0.142918 0.00117225 0.000958436 0.00454669
3.21217 0.14144 0.001409 0.000948525 0.00450093
3.71646 0.131455 0.00222969 0.000881564 0.0041921


