Centrality:0-10
pt GeV/c  v3  stat.  pt-uncorrelated sys.  pt-correlated sys.  
0.511887 0.00149879 0.000569287 3.33939e-05 0.000457905
0.700936 0.00824567 0.000457585 0.000183718 0.000597931
0.897241 0.0159909 0.000480192 0.000356286 0.00088298
1.09582 0.0240248 0.000552781 0.000535286 0.0012258
1.29491 0.0327281 0.000668836 0.0007292 0.00161658
1.49448 0.0408028 0.000826418 0.00090911 0.00198709
1.69512 0.0476171 0.0010211 0.00106094 0.00230292
1.89435 0.0548855 0.00125058 0.00122288 0.00264175
2.09398 0.0624383 0.00158475 0.00139116 0.00299525
2.29337 0.0623942 0.00204714 0.00139018 0.00299318
2.4932 0.0686868 0.00268437 0.00153038 0.00328847
2.69319 0.0743995 0.00353259 0.00165766 0.00355699
2.89276 0.0702513 0.00468547 0.00156524 0.00336197
3.20486 0.0675944 0.00568498 0.00150604 0.00323716
3.70795 0.0654306 0.00995482 0.00145783 0.0031356

Centrality:10-20
pt GeV/c  v3  stat.  pt-uncorrelated sys.  pt-correlated sys.  
0.51211 0.0032791 0.00066395 5.72677e-05 0.000652606
0.701023 0.011161 0.000530598 0.000194921 0.000919423
0.897345 0.02038 0.000554889 0.000355925 0.00138453
1.09585 0.0301704 0.000637534 0.000526909 0.00193412
1.29497 0.0397348 0.000768956 0.000693946 0.00249094
1.49448 0.0498216 0.000949692 0.000870108 0.0030877
1.69512 0.0560732 0.00117088 0.000979287 0.00346028
1.89449 0.0642237 0.00142938 0.00112163 0.00394802
2.09421 0.0716908 0.00179906 0.00125204 0.00439625
2.29356 0.0735501 0.00230548 0.00128451 0.00450802
2.49328 0.0826316 0.0029999 0.00144311 0.00505463
2.69341 0.0834305 0.0039155 0.00145707 0.00510277
2.89286 0.0896315 0.00515729 0.00156536 0.0054766
3.20651 0.0750669 0.00598 0.001311 0.00459924
3.70866 0.0573961 0.0103709 0.00100239 0.00353932

Centrality:20-30
pt GeV/c  v3  stat.  pt-uncorrelated sys.  pt-correlated sys.  
0.51214 0.00457895 0.000874644 9.53922e-05 0.0015295
0.701027 0.0140681 0.000699391 0.000293076 0.00194849
0.897292 0.0243835 0.000732557 0.000507975 0.00265766
1.09582 0.0356064 0.000841854 0.00074178 0.00355075
1.29496 0.0437974 0.00101597 0.00091242 0.00423841
1.49451 0.0530706 0.0012536 0.00110561 0.00503606
1.69507 0.0595348 0.00154757 0.00124027 0.00559968
1.8946 0.0713219 0.00188479 0.00148583 0.0066377
2.09438 0.075035 0.00235637 0.00156319 0.00696668
2.29374 0.0825863 0.00299595 0.0017205 0.00763786
2.49347 0.0750543 0.0038756 0.00156359 0.00696838
2.69339 0.0800373 0.00504649 0.0016674 0.00741101
2.89267 0.0881397 0.00657702 0.00183619 0.00813296
3.20697 0.0690483 0.00741609 0.00143847 0.00643667
3.70955 0.0809769 0.0125959 0.00168697 0.00749459

Centrality:30-40
pt GeV/c  v3  stat.  pt-uncorrelated sys.  pt-correlated sys.  
0.51202 0.00732843 0.00125947 0.000210973 0.00199058
0.700868 0.0150763 0.00101236 0.000434021 0.00244647
0.897175 0.0252798 0.00106552 0.000727763 0.00328383
1.09572 0.0360969 0.00122938 0.00103917 0.0043035
1.2949 0.0443959 0.00148704 0.00127808 0.00512878
1.49436 0.0569033 0.00183788 0.00163815 0.00640846
1.6951 0.0630386 0.00226774 0.00181478 0.00704582
1.89464 0.0681195 0.00275556 0.00196105 0.00757688
2.09447 0.0778826 0.00343337 0.00224211 0.00860345
2.29377 0.084233 0.0043389 0.00242493 0.00927448
2.49368 0.0779433 0.00560427 0.00224386 0.00860985
2.69377 0.0731526 0.00721084 0.00210594 0.00810522
2.89319 0.0823454 0.00935891 0.00237059 0.0090748
3.2087 0.0764072 0.0102859 0.00219964 0.00844789
3.70976 0.0795838 0.0173032 0.00229108 0.00878299

Centrality:40-50
pt GeV/c  v3  stat.  pt-uncorrelated sys.  pt-correlated sys.  
0.511793 0.00729558 0.00200242 0.000401436 0.00292611
0.700595 0.0168146 0.00162691 0.000925215 0.00377644
0.89697 0.0287099 0.001728 0.00157975 0.00526398
1.09563 0.0361393 0.00200868 0.00198855 0.00629873
1.29491 0.0417251 0.00243724 0.00229591 0.00710458
1.49447 0.052516 0.00301741 0.00288967 0.00870226
1.6951 0.0655917 0.00372326 0.00360915 0.0106808
1.89472 0.0662004 0.00452326 0.00364265 0.0107737
2.09462 0.0654425 0.00560586 0.00360095 0.0106581
2.29414 0.0722984 0.0070697 0.00397819 0.0117067
2.49385 0.0513631 0.0090368 0.00282623 0.00852967
2.69352 0.0723365 0.0116517 0.00398029 0.0117125
2.89329 0.055493 0.0150085 0.00305348 0.00914955
3.20988 0.0627834 0.0160585 0.00345463 0.0102532
3.71289 0.110735 0.0270215 0.00609312 0.0176565

Centrality:50-60
pt GeV/c  v3  stat.  pt-uncorrelated sys.  pt-correlated sys.  
0.511373 0.00768136 0.00351913 0.00112852 0.00388566
0.700216 0.0159141 0.00290114 0.00233804 0.00524174
0.896654 0.027651 0.00312247 0.0040624 0.0077496
1.09541 0.0258227 0.00365634 0.00379379 0.00733668
1.29484 0.0425105 0.00446304 0.00624551 0.0112466
1.49445 0.0409828 0.00553604 0.00602107 0.0108793
1.69532 0.0507025 0.00683216 0.00744905 0.0132341
1.89495 0.064711 0.00828816 0.00950714 0.0166781
2.09456 0.039695 0.0102028 0.00583186 0.0105707
2.29408 0.0594852 0.0128434 0.00873938 0.0153885
2.49354 0.0740406 0.0163309 0.0108778 0.0189906
2.69361 0.0313998 0.0209779 0.00461317 0.00861172
2.89314 -0.00343337 0.0270504 0.000504421 0.00347705
3.21008 0.0918957 0.0283068 0.013501 0.0234399
3.7101 -0.00634498 0.0467663 0.000932185 0.0037288

Centrality:30-50
pt GeV/c  v3  stat.  pt-uncorrelated sys.  pt-correlated sys.  
0.511956 0.00731589 0.00106612 0.000199213 0.00226169
0.700792 0.0157585 0.000859536 0.000429105 0.00285715
0.897119 0.0266092 0.000906955 0.000724571 0.00391872
1.0957 0.0361133 0.00104858 0.000983369 0.00496826
1.29491 0.043376 0.00126941 0.00118113 0.0058066
1.49439 0.0552312 0.00156964 0.00150395 0.00721164
1.6951 0.064011 0.00193678 0.00174303 0.00826974
1.89466 0.0673881 0.00235327 0.00183499 0.00867939
2.09451 0.073113 0.00292787 0.00199088 0.00937641
2.29387 0.0796358 0.00369799 0.00216849 0.0101738
2.49373 0.0675986 0.00476274 0.00184072 0.00870497
2.6937 0.072841 0.00613163 0.00198347 0.00934324
2.89322 0.0717714 0.00794142 0.00195434 0.00921281
3.20904 0.0709651 0.00866147 0.00193239 0.00911456
3.71067 0.092269 0.0145717 0.0025125 0.0117255

Centrality:0-50
pt GeV/c  v3  stat.  pt-uncorrelated sys.  pt-correlated sys.  
0.512006 0.00383327 0.000364154 4.62914e-05 0.00093409
0.700962 0.0117673 0.000292031 0.000142104 0.00128357
0.897268 0.021054 0.000306228 0.000254253 0.00188576
1.09582 0.03047 0.000352379 0.000367962 0.00256785
1.29494 0.0389951 0.000425782 0.000470913 0.00320966
1.49448 0.0486393 0.00052594 0.000587378 0.00394891
1.69511 0.0556623 0.000649207 0.000672189 0.00449228
1.89447 0.0632461 0.000792821 0.000763773 0.00508203
2.09418 0.0696949 0.000998058 0.00084165 0.00558526
2.29356 0.0732181 0.00127901 0.000884197 0.00586071
2.49334 0.0733531 0.00166538 0.000885827 0.00587126
2.69336 0.0775241 0.00217585 0.000936197 0.00619776
2.89283 0.0792746 0.00286156 0.000957336 0.00633489
3.20641 0.0707285 0.00332563 0.000854132 0.00566604
3.70892 0.0743271 0.00573529 0.00089759 0.00594747

