Centrality:0-10
pt GeV/c  v3  stat.  pt-uncorrelated sys.  pt-correlated sys.  
0.515832 -0.00213854 0.000745573 2.24152e-05 0.00120031
0.704791 -0.000612594 0.000521239 6.42094e-06 0.00119637
0.900753 0.00582748 0.000470223 6.10812e-05 0.00122753
1.09829 0.0144463 0.000481017 0.00015142 0.00137832
1.29658 0.023765 0.00053516 0.000249095 0.00164332
1.4952 0.036218 0.000629393 0.000379622 0.00209291
1.69489 0.0471027 0.000767984 0.00049371 0.00253371
1.89445 0.0589879 0.000951054 0.000618286 0.00304224
2.094 0.0669775 0.00119976 0.000702029 0.00339387
2.29396 0.0764308 0.00153776 0.000801115 0.00381667
2.49399 0.0860815 0.00195664 0.000902269 0.00425369
2.69394 0.0872683 0.0024987 0.000914709 0.00430773
2.89389 0.0943247 0.00318899 0.000988671 0.00463013
3.20034 0.104571 0.00480936 0.00109607 0.00510109
3.70374 0.106557 0.00889489 0.00111688 0.00519266

Centrality:10-20
pt GeV/c  v3  stat.  pt-uncorrelated sys.  pt-correlated sys.  
0.516654 0.000321846 0.000864392 3.86037e-06 0.000756825
0.704879 0.0032754 0.000597469 3.92866e-05 0.000782265
0.900698 0.0105387 0.000539485 0.000126405 0.000990809
1.09819 0.0203825 0.000553669 0.000244476 0.00145032
1.29647 0.0312671 0.000617709 0.000375032 0.00204335
1.49522 0.0446461 0.000728234 0.000535505 0.00281393
1.69491 0.057939 0.000888603 0.000694946 0.00359773
1.89452 0.0708732 0.00109999 0.000850085 0.00436848
2.0941 0.0794321 0.00138442 0.000952744 0.00488104
2.29407 0.0931583 0.0017656 0.00111738 0.00570571
2.49406 0.0975399 0.00224431 0.00116994 0.00596945
2.69409 0.10346 0.00284577 0.00124094 0.00632609
2.89395 0.111841 0.00362026 0.00134147 0.00683152
3.20159 0.120238 0.00524227 0.00144219 0.00733836
3.70507 0.114935 0.0095143 0.00137858 0.0070182

Centrality:20-30
pt GeV/c  v3  stat.  pt-uncorrelated sys.  pt-correlated sys.  
0.517213 0.00360728 0.00112007 5.51511e-05 0.00116173
0.704781 0.00682803 0.000770409 0.000104393 0.0012753
0.900435 0.014125 0.000700244 0.000215954 0.00169869
1.09796 0.0270318 0.000724276 0.000413284 0.00269449
1.29632 0.0389221 0.000814521 0.000595074 0.00370387
1.49511 0.0524203 0.000964938 0.000801445 0.00488596
1.69487 0.0651775 0.00118135 0.000996488 0.00601894
1.89442 0.0785703 0.00146517 0.00120125 0.00721682
2.09414 0.0891343 0.00184252 0.00136276 0.00816534
2.29414 0.102294 0.00234888 0.00156396 0.00934984
2.49407 0.106479 0.00297591 0.00162794 0.009727
2.69437 0.118425 0.00376884 0.00181059 0.0108047
2.89394 0.128558 0.00476222 0.00196551 0.0117197
3.20359 0.131011 0.006715 0.00200301 0.0119413
3.7067 0.13978 0.0120274 0.00213707 0.0127338

Centrality:30-40
pt GeV/c  v3  stat.  pt-uncorrelated sys.  pt-correlated sys.  
0.51757 0.00729261 0.00156699 0.000148573 0.0018914
0.704494 0.00936094 0.00107957 0.000190711 0.00199469
0.900165 0.0184083 0.00099323 0.000375034 0.00262801
1.09765 0.0303239 0.00104085 0.000617792 0.00369769
1.29603 0.0456798 0.00118389 0.00093064 0.00522236
1.49493 0.0547361 0.0014152 0.00111515 0.00615387
1.69467 0.0718529 0.00174206 0.00146387 0.00794478
1.89438 0.0838022 0.00216866 0.00170731 0.00920834
2.09397 0.0969695 0.0027353 0.00197557 0.010608
2.29398 0.0992751 0.00348371 0.00202254 0.0108537
2.49416 0.113593 0.00440812 0.00231424 0.0123822
2.69412 0.11857 0.00556399 0.00241565 0.0129145
2.89401 0.115133 0.00705565 0.00234562 0.0125469
3.20391 0.137062 0.00969875 0.00279237 0.0148952
3.70631 0.123242 0.0172368 0.00251082 0.0134145

Centrality:40-50
pt GeV/c  v3  stat.  pt-uncorrelated sys.  pt-correlated sys.  
0.517775 0.00518854 0.00239392 0.000180132 0.0024312
0.704076 0.0132378 0.00166544 0.000459581 0.00309742
0.899655 0.0204381 0.00156023 0.000709553 0.00395164
1.0972 0.0363315 0.00166615 0.00126133 0.00616618
1.2957 0.0501338 0.00192327 0.00174051 0.00822548
1.49475 0.0624971 0.00232577 0.00216973 0.0101113
1.69454 0.0704954 0.00288639 0.0024474 0.0113426
1.89428 0.0890246 0.00361732 0.00309069 0.0142147
2.09403 0.0953401 0.00456863 0.00330994 0.0151978
2.29402 0.098897 0.005843 0.00343343 0.0157521
2.49409 0.109917 0.0073843 0.00381602 0.0174721
2.69438 0.119588 0.0093301 0.00415175 0.018984
2.89416 0.111586 0.011798 0.00387395 0.0177328
3.20522 0.125404 0.0159845 0.00435368 0.0198941
3.70653 0.117345 0.0281882 0.00407388 0.0186331

Centrality:50-60
pt GeV/c  v3  stat.  pt-uncorrelated sys.  pt-correlated sys.  
0.517846 0.00843069 0.00400616 0.000461771 0.00551889
0.703467 0.0124946 0.00282753 0.000684362 0.00598971
0.899051 0.0199431 0.00271773 0.00109233 0.00716043
1.09669 0.0353194 0.00296453 0.00193454 0.0102672
1.29538 0.0461978 0.00348545 0.00253037 0.0127247
1.49439 0.0471864 0.00427641 0.00258452 0.0129538
1.69435 0.0613378 0.00536474 0.00335963 0.016299
1.89403 0.0895758 0.00677258 0.0049063 0.0231774
2.09409 0.0731946 0.00858445 0.00400906 0.019165
2.29427 0.0916053 0.0109892 0.00501746 0.0236775
2.49423 0.106379 0.0139125 0.00582665 0.0273312
2.69441 0.10699 0.01765 0.00586013 0.0274828
2.89384 0.0995389 0.0221398 0.00545201 0.0256369
3.20327 0.0906942 0.0297225 0.00496756 0.0234529
3.70849 0.0140447 0.0517348 0.000769263 0.00620467

Centrality:30-50
pt GeV/c  v3  stat.  pt-uncorrelated sys.  pt-correlated sys.  
0.517631 0.00641736 0.00131109 0.000109398 0.00180439
0.70437 0.0109569 0.000905897 0.000186785 0.00211894
0.900018 0.0192265 0.000837863 0.00032776 0.00289748
1.09753 0.0326893 0.000882757 0.000557262 0.00439674
1.29594 0.0474023 0.00100819 0.000808079 0.00614566
1.49488 0.0576915 0.00120898 0.000983481 0.00739516
1.69464 0.0713416 0.00149147 0.00121618 0.00906902
1.89435 0.0857571 0.00186 0.00146192 0.0108481
2.09399 0.096363 0.00234683 0.00164272 0.0121616
2.29399 0.0991348 0.00299224 0.00168997 0.0125053
2.49414 0.112224 0.003785 0.00191311 0.0141304
2.69419 0.118951 0.00477876 0.00202779 0.0149667
2.89405 0.113799 0.00605541 0.00193996 0.0143262
3.20426 0.132551 0.00829179 0.00225963 0.016659
3.70637 0.121176 0.0147054 0.00206571 0.0152433

Centrality:0-50
pt GeV/c  v3  stat.  pt-uncorrelated sys.  pt-correlated sys.  
0.516551 0.001651 0.00047056 1.01911e-05 0.000608224
0.704761 0.00463091 0.000326418 2.8585e-05 0.000697961
0.900588 0.0117906 0.000295884 7.27792e-05 0.00110604
1.09811 0.0225311 0.000304662 0.000139077 0.00187924
1.29643 0.0337846 0.000340926 0.00020854 0.00273857
1.49516 0.0460901 0.000402644 0.000284498 0.00369516
1.69487 0.0584803 0.000492186 0.000360979 0.0046655
1.89445 0.0714101 0.00061006 0.00044079 0.0056818
2.09405 0.0805853 0.00076864 0.000497425 0.0064043
2.29403 0.0905831 0.000982184 0.000559138 0.00719239
2.49404 0.0985212 0.00124761 0.000608138 0.00781856
2.69409 0.104317 0.00158543 0.000643913 0.00827593
2.89394 0.109882 0.00201621 0.000678266 0.00871524
3.20184 0.120667 0.00293176 0.000744835 0.00956681
3.70508 0.119309 0.00532825 0.000736454 0.00945957

