Centrality:0-10
pt GeV/c  v3  stat.  pt-uncorrelated sys.  pt-correlated sys.  
0.493568 0.00785669 0.000100933 6.31203e-05 0.000625878
0.692066 0.0156469 0.000135443 0.000125706 0.000896362
0.892278 0.0246884 0.00018637 0.000198345 0.00127419
1.09262 0.0329713 0.000252754 0.00026489 0.00164242
1.29256 0.0413487 0.000341983 0.000332194 0.00202427
1.49249 0.0489351 0.000461331 0.000393143 0.00237443
1.69299 0.0558851 0.000617937 0.000448979 0.00269743
1.89267 0.0610209 0.000820992 0.000490239 0.00293706
2.09212 0.0647598 0.00111597 0.000520278 0.00311189
2.2916 0.067453 0.00155587 0.000541914 0.00323799
2.49114 0.0732327 0.00220615 0.000588349 0.003509
2.69076 0.068871 0.00317586 0.000553307 0.00330443
2.89047 0.0734904 0.00464073 0.000590419 0.0035211
3.20998 0.0685202 0.00575449 0.000550489 0.00328799
3.71391 0.0599195 0.00932876 0.000481391 0.00288561

Centrality:10-20
pt GeV/c  v3  stat.  pt-uncorrelated sys.  pt-correlated sys.  
0.493727 0.010983 0.000117096 9.62008e-05 0.000802565
0.69219 0.0203437 0.000156209 0.000178192 0.00131331
0.892345 0.0307249 0.000214087 0.00026912 0.00191795
1.09271 0.0406845 0.000289344 0.000356358 0.00250989
1.29265 0.0503628 0.000389925 0.00044113 0.00308982
1.49263 0.0599153 0.000523445 0.000524801 0.00366458
1.69315 0.0659399 0.000697413 0.000577571 0.00402784
1.89283 0.0715352 0.000920784 0.00062658 0.00436558
2.09238 0.0787699 0.00124262 0.000689949 0.00480267
2.2918 0.07863 0.00171944 0.000688724 0.00479422
2.49127 0.084009 0.00241676 0.000735839 0.00511943
2.69093 0.0842323 0.00346103 0.000737795 0.00513293
2.89063 0.0861501 0.00501793 0.000754592 0.00524892
3.21153 0.0789841 0.00607936 0.000691825 0.00481562
3.71573 0.0567627 0.00970283 0.000497187 0.00347471

Centrality:20-30
pt GeV/c  v3  stat.  pt-uncorrelated sys.  pt-correlated sys.  
0.493778 0.0131212 0.000154236 0.000123436 0.00154179
0.692229 0.0232889 0.000205321 0.000219086 0.00232937
0.892367 0.0347109 0.000281038 0.000326538 0.00329875
1.09272 0.0454114 0.000379472 0.000427201 0.00423585
1.29271 0.0550013 0.000510173 0.000517417 0.00508653
1.49271 0.0642946 0.000682898 0.000604841 0.00591634
1.69324 0.0722988 0.000906204 0.00068014 0.00663379
1.89289 0.0786569 0.00119154 0.000739952 0.00720496
2.0925 0.0828792 0.0015992 0.000779673 0.00758475
2.29187 0.0865965 0.00219704 0.000814643 0.0079194
2.49143 0.0891909 0.00306858 0.000839049 0.00815308
2.69113 0.0940568 0.00437907 0.000884825 0.00859162
2.89105 0.0753896 0.00632766 0.000709216 0.00691132
3.21222 0.0940789 0.00754665 0.000885033 0.00859362
3.71814 0.0749948 0.0118456 0.000705502 0.00687586

Centrality:30-40
pt GeV/c  v3  stat.  pt-uncorrelated sys.  pt-correlated sys.  
0.493751 0.014099 0.000222235 0.000181043 0.00252068
0.692213 0.0251046 0.000296235 0.000322364 0.00337365
0.892327 0.0365806 0.000406057 0.000469726 0.00443065
1.09272 0.0471074 0.000548798 0.000604898 0.00546776
1.29275 0.058615 0.000737639 0.000752666 0.00663878
1.49279 0.0651369 0.000986246 0.000836412 0.00731289
1.69332 0.0751132 0.00130542 0.000964517 0.00835362
1.89301 0.076397 0.00171158 0.000981001 0.00848819
2.0926 0.0788573 0.00228622 0.00101259 0.00874646
2.29201 0.0863364 0.00312143 0.00110863 0.00953402
2.49152 0.0819439 0.00435424 0.00105223 0.00907106
2.6911 0.0976668 0.00617612 0.00125412 0.0107327
2.89101 0.0863837 0.0089007 0.00110924 0.00953901
3.21379 0.0871989 0.0104835 0.00111971 0.00962506
3.7175 0.0991237 0.0164398 0.00127283 0.0108873

Centrality:40-50
pt GeV/c  v3  stat.  pt-uncorrelated sys.  pt-correlated sys.  
0.493628 0.0142747 0.000353742 0.000304944 0.00316542
0.692086 0.0257162 0.000473775 0.000549365 0.00462414
0.892222 0.0355946 0.000652316 0.000760392 0.00603515
1.09264 0.0474964 0.000884441 0.00101465 0.00780908
1.29271 0.0579454 0.00119091 0.00123786 0.00939905
1.49283 0.0667613 0.00159217 0.0014262 0.0107538
1.6933 0.0715606 0.00210293 0.00152872 0.0114948
1.89312 0.0749884 0.00275282 0.00160195 0.0120252
2.09277 0.0749637 0.00366199 0.00160142 0.0120213
2.2922 0.081919 0.00498204 0.00175 0.0131
2.4916 0.0775808 0.00689466 0.00165733 0.0124269
2.69141 0.0673759 0.00976838 0.00143932 0.0108486
2.8906 0.0820436 0.013952 0.00175266 0.0131194
3.21328 0.0659732 0.0161829 0.00140936 0.0106323
3.71806 0.0519747 0.0250777 0.00111031 0.00848787

Centrality:50-60
pt GeV/c  v3  stat.  pt-uncorrelated sys.  pt-correlated sys.  
0.493408 0.0122745 0.000619979 0.000433493 0.00518705
0.691896 0.0212587 0.000837409 0.000750787 0.00678984
0.892048 0.0338644 0.00116182 0.00119598 0.00950671
1.09255 0.0414472 0.00158318 0.00146378 0.011259
1.29264 0.049396 0.00213889 0.0017445 0.0131444
1.49281 0.055828 0.0028617 0.00197166 0.0146936
1.69336 0.0658142 0.00377897 0.00232434 0.017126
1.89321 0.050978 0.00493489 0.00180038 0.0135238
2.09281 0.0654142 0.00653861 0.00231021 0.0170281
2.29236 0.0669821 0.00886837 0.00236559 0.0174122
2.49191 0.065257 0.0122483 0.00230466 0.0169897
2.69153 0.0597794 0.0172156 0.00211121 0.0156527
2.89081 0.00231094 0.0244767 8.16147e-05 0.0042007
3.21512 0.0247954 0.0278687 0.000875691 0.00751533
3.71737 0.0473478 0.0428882 0.00167217 0.0126551

Centrality:30-50
pt GeV/c  v3  stat.  pt-uncorrelated sys.  pt-correlated sys.  
0.493716 0.0141693 0.00018818 0.000155807 0.00274111
0.692177 0.0253463 0.000251177 0.00027871 0.00379793
0.892298 0.036195 0.000344725 0.000398004 0.00498705
1.0927 0.0472599 0.00046632 0.000519674 0.00627049
1.29274 0.0583546 0.000627092 0.000641673 0.00759298
1.4928 0.065769 0.000838425 0.000723203 0.0084884
1.69331 0.0737278 0.0011091 0.000810718 0.00945644
1.89304 0.0758459 0.00145353 0.000834009 0.00971501
2.09265 0.0773274 0.00193931 0.0008503 0.00989606
2.29207 0.0845941 0.00264514 0.000930205 0.0107862
2.49154 0.0802041 0.00368153 0.000881931 0.010248
2.69119 0.085568 0.00522024 0.000940914 0.0109058
2.8909 0.0846294 0.00750378 0.000930593 0.0107906
3.21364 0.078534 0.00879857 0.000863568 0.0100436
3.71767 0.0793659 0.0137488 0.000872715 0.0101454

Centrality:0-50
pt GeV/c  v3  stat.  pt-uncorrelated sys.  pt-correlated sys.  
0.49367 0.0110731 6.43666e-05 8.48081e-05 0.00110578
0.692145 0.0204945 8.60458e-05 0.000156966 0.00175642
0.892316 0.030758 0.00011811 0.000235574 0.00252562
1.09267 0.0405784 0.00015984 0.000310788 0.00328105
1.29263 0.0501691 0.000215602 0.000384242 0.00402677
1.49261 0.0586115 0.0002897 0.000448902 0.00468671
1.69312 0.065827 0.000386175 0.000504165 0.00525237
1.89281 0.0707045 0.000510262 0.000541521 0.00563535
2.09234 0.0750037 0.000688838 0.000574449 0.00597323
2.29177 0.0783683 0.000952844 0.000600218 0.00623785
2.49129 0.0809884 0.00134032 0.000620285 0.00644399
2.69094 0.0821753 0.00191928 0.000629376 0.0065374
2.89069 0.0799563 0.00278549 0.000612381 0.00636278
3.21144 0.0792456 0.00337615 0.000606938 0.00630687
3.71592 0.0678894 0.00538151 0.000519961 0.00541426

