Centrality:0-10
pt GeV/c  v4  stat.  pt-uncorrelated sys.  pt-correlated sys.  
0.511894 -0.00320945 0.00139131 0.000204541 0.00188162
0.700926 0.00454971 0.00111822 0.000289956 0.00197071
0.897246 0.00741841 0.00117365 0.00047278 0.00231324
1.09583 0.0136796 0.0013507 0.000871812 0.00322661
1.29494 0.0177705 0.00163474 0.00113252 0.00365656
1.4945 0.0268758 0.00201984 0.00171281 0.00493776
1.69511 0.0334919 0.002495 0.00213446 0.00578231
1.8944 0.0376234 0.00305651 0.00239776 0.00626004
2.09403 0.0362381 0.0038741 0.00230948 0.00592417
2.29331 0.0466883 0.00500231 0.00297548 0.00745395
2.49319 0.0534777 0.00656715 0.00340817 0.00843504
2.69309 0.0476417 0.00863735 0.00303624 0.00750414
2.89264 0.0508986 0.0114386 0.0032438 0.00797552
3.20499 0.0670602 0.0139113 0.00427379 0.0104119
3.7079 0.0411554 0.0243711 0.00262286 0.00647328

Centrality:10-20
pt GeV/c  v4  stat.  pt-uncorrelated sys.  pt-correlated sys.  
0.512105 0.00400374 0.00171135 0.000178866 0.00286441
0.701015 0.00650348 0.00136764 0.000290542 0.00377952
0.897333 0.0108407 0.00143031 0.000484306 0.0052246
1.09587 0.0202452 0.00164304 0.000904449 0.00828385
1.29498 0.0302589 0.00198238 0.00135181 0.0108044
1.49451 0.0415311 0.0024474 0.00185539 0.0132193
1.69512 0.0442063 0.00301902 0.00197491 0.0127965
1.89452 0.0497474 0.00368664 0.00222246 0.013327
2.0942 0.0443411 0.00463573 0.00198093 0.0111738
2.29353 0.0642526 0.00594828 0.00287047 0.0153861
2.49324 0.0715563 0.00774291 0.00319676 0.01648
2.69346 0.0630495 0.0101043 0.00281672 0.0140983
2.89286 0.0750746 0.0132944 0.00335394 0.0163938
3.20676 0.0917407 0.0154317 0.0040985 0.0195111
3.70848 0.0473738 0.0266745 0.00211642 0.00987135

Centrality:20-30
pt GeV/c  v4  stat.  pt-uncorrelated sys.  pt-correlated sys.  
0.512121 0.00205875 0.00229666 0.000105336 0.00295509
0.701001 0.0133379 0.00183619 0.000682434 0.00863172
0.897303 0.0195523 0.00192312 0.00100039 0.0107405
1.09584 0.028082 0.00220978 0.00143681 0.013466
1.29493 0.0436981 0.00266743 0.00223581 0.0187384
1.49451 0.0520734 0.00329068 0.00266434 0.0205255
1.69512 0.0482101 0.00406149 0.00246667 0.017846
1.89454 0.0586978 0.00494841 0.00300327 0.0206105
2.0944 0.05972 0.00618967 0.00305557 0.0201857
2.29375 0.0729478 0.00786877 0.00373237 0.0238979
2.49341 0.0411778 0.0101741 0.00210686 0.0133696
2.69337 0.0745565 0.0132526 0.00381468 0.0235208
2.89285 0.0704888 0.0172902 0.00360656 0.021992
3.20675 0.0943703 0.019451 0.00482845 0.0289851
3.70774 0.032522 0.033255 0.00166399 0.0101649

Centrality:30-40
pt GeV/c  v4  stat.  pt-uncorrelated sys.  pt-correlated sys.  
0.512034 0.00580134 0.00349818 0.000348603 0.00518295
0.700846 0.0111596 0.00281215 0.000670583 0.00742535
0.8972 0.0237935 0.00296094 0.00142976 0.0130042
1.09574 0.0395043 0.00341472 0.00237382 0.0192013
1.29491 0.0392272 0.00412981 0.00235716 0.0175989
1.49433 0.0564575 0.00510369 0.00339254 0.0233975
1.69508 0.0658396 0.00630006 0.00395631 0.0256652
1.89467 0.0803025 0.00765932 0.00482538 0.0297441
2.09446 0.0807886 0.00953681 0.0048546 0.0287677
2.29388 0.0809389 0.0120634 0.00486363 0.0279175
2.49367 0.0824421 0.0155467 0.00495395 0.0277069
2.69363 0.100348 0.0200473 0.00602989 0.032949
2.89328 0.0565131 0.0260292 0.00339588 0.0184776
3.20919 0.0968683 0.0285556 0.00582083 0.0306988
3.71013 0.0820397 0.0482538 0.00492977 0.0255725

Centrality:40-50
pt GeV/c  v4  stat.  pt-uncorrelated sys.  pt-correlated sys.  
0.511735 0.00601564 0.00753799 0.00047318 0.00548139
0.700574 0.022981 0.00612338 0.00180764 0.0124648
0.896997 0.0265466 0.0065056 0.00208811 0.0122936
1.09562 0.0478138 0.00755852 0.00376095 0.0190364
1.2949 0.0565151 0.00917437 0.00444538 0.0206331
1.49448 0.0399207 0.0113643 0.0031401 0.0140857
1.69506 0.0630598 0.0140194 0.00496017 0.0209337
1.89468 0.0990523 0.0170225 0.00779128 0.0317491
2.09468 0.0944047 0.021107 0.00742571 0.0298131
2.29402 0.0653895 0.0266009 0.00514342 0.0206446
2.49374 0.127217 0.0340198 0.0100067 0.0393576
2.6938 0.15608 0.0438112 0.012277 0.0480055
2.89345 0.00115113 0.0564273 9.05457e-05 0.00399151
3.20931 0.177385 0.0604877 0.0139528 0.0542457
3.71219 0.122931 0.10084 0.00966952 0.0376456

Centrality:30-50
pt GeV/c  v4  stat.  pt-uncorrelated sys.  pt-correlated sys.  
0.511981 0.00588709 0.00317314 0.000321179 0.00419076
0.700799 0.0157867 0.00255554 0.000861266 0.00880502
0.897165 0.0248599 0.00269494 0.00135627 0.0121263
1.09572 0.0426935 0.00311189 0.00232921 0.0185505
1.29491 0.045828 0.00376586 0.00250022 0.0181481
1.49436 0.0501544 0.00465574 0.00273625 0.0183365
1.69507 0.0647824 0.00574648 0.00353431 0.0220876
1.89468 0.0874556 0.00698482 0.00477128 0.0281396
2.0945 0.0859896 0.00869085 0.0046913 0.0264221
2.29391 0.0749457 0.0109865 0.00408878 0.0222009
2.49368 0.0998434 0.0141401 0.00544711 0.0286263
2.69366 0.122068 0.0182295 0.00665962 0.0341101
2.89331 0.0347182 0.0236357 0.00189411 0.00972132
3.20921 0.12914 0.0258227 0.00704546 0.034545
3.71051 0.0983679 0.043527 0.00536661 0.0257377

Centrality:0-50
pt GeV/c  v4  stat.  pt-uncorrelated sys.  pt-correlated sys.  
0.512002 0.00166613 0.000933746 3.75759e-05 0.00152843
0.700954 0.00920728 0.000748674 0.00020765 0.00491422
0.897275 0.0144268 0.000784981 0.000325364 0.00653862
1.09584 0.0244086 0.000902914 0.000550482 0.00957186
1.29495 0.032083 0.00109127 0.000723561 0.0111388
1.49449 0.0405988 0.00134773 0.000915617 0.0126935
1.69511 0.0458534 0.00166375 0.00103412 0.0131229
1.89448 0.055651 0.00203299 0.00125509 0.0147917
2.09419 0.0539127 0.00256072 0.00121588 0.0134991
2.29351 0.0628752 0.00328512 0.00141801 0.0149806
2.49329 0.0663718 0.00428239 0.00149687 0.0151998
2.69331 0.0746071 0.00559878 0.0016826 0.0165476
2.89281 0.0572404 0.00736491 0.00129093 0.0124063
3.20635 0.0959209 0.00860364 0.00216329 0.0201444
3.70836 0.056849 0.0148722 0.0012821 0.0116441

