Centrality:0-10
pt GeV/c  v4  stat.  pt-uncorrelated sys.  pt-correlated sys.  
0.493568 0.00262797 0.000246682 7.17469e-05 0.00125864
0.692064 0.00777293 0.000331007 0.000212211 0.00249858
0.892281 0.013664 0.000455507 0.000373046 0.00348218
1.09261 0.0198782 0.00061773 0.000542701 0.00429109
1.29257 0.027482 0.000835915 0.000750295 0.00527696
1.4925 0.0326303 0.00112751 0.000890849 0.00579409
1.69298 0.0370761 0.00151028 0.00101223 0.00625144
1.89266 0.041168 0.00200648 0.00112394 0.00671326
2.09216 0.048511 0.00272787 0.00132441 0.00773852
2.29159 0.056407 0.00380452 0.00153999 0.00887314
2.49118 0.0485119 0.00539139 0.00132444 0.00757706
2.69083 0.0554241 0.00776959 0.00151315 0.00860487
2.8905 0.0524366 0.0113346 0.00143159 0.00811828
3.20999 0.0593242 0.0140513 0.00161963 0.00915239
3.714 0.0669418 0.0227312 0.0018276 0.0103042

Centrality:10-20
pt GeV/c  v4  stat.  pt-uncorrelated sys.  pt-correlated sys.  
0.493725 0.00724044 0.000301831 0.000167477 0.00501738
0.692192 0.0132954 0.000402646 0.000307533 0.00756551
0.892346 0.0213873 0.00055184 0.000494705 0.0101965
1.09271 0.0287487 0.000745885 0.000664982 0.0117289
1.29265 0.0380628 0.00100522 0.000880423 0.013572
1.49263 0.0460682 0.00134925 0.0010656 0.014653
1.69316 0.0510574 0.0017983 0.001181 0.0147644
1.8928 0.0591493 0.00237439 0.00136817 0.015827
2.09238 0.0602859 0.00320455 0.00139446 0.0151572
2.2918 0.0647322 0.00443498 0.00149731 0.0154897
2.49132 0.0650705 0.00623441 0.00150513 0.0149791
2.69084 0.0669144 0.00893631 0.00154778 0.0149465
2.89066 0.0598582 0.0129471 0.00138457 0.0130667
3.21172 0.0661658 0.0156859 0.00153047 0.0140643
3.71618 0.0357916 0.0250849 0.000827889 0.00744731

Centrality:20-30
pt GeV/c  v4  stat.  pt-uncorrelated sys.  pt-correlated sys.  
0.493786 0.010998 0.000404871 0.000197248 0.0082703
0.692242 0.0186646 0.00053899 0.000334747 0.0117071
0.892371 0.0284842 0.000737817 0.000510859 0.0153162
1.0927 0.0388779 0.000996131 0.000697268 0.0183924
1.2927 0.0479254 0.00133937 0.000859534 0.0204291
1.49273 0.0570878 0.00179271 0.00102386 0.0223861
1.69322 0.0619012 0.00237938 0.00111019 0.0227345
1.89292 0.0711995 0.00312901 0.00127695 0.0248565
2.0925 0.0693055 0.00419752 0.00124298 0.0232875
2.29187 0.0714691 0.00576943 0.00128179 0.0233272
2.49142 0.077806 0.00806801 0.00139544 0.0248435
2.6911 0.0998196 0.0115036 0.00179025 0.0313415
2.89107 0.0868612 0.0166194 0.00155784 0.0269562
3.21263 0.0617441 0.019764 0.00110737 0.0189386
3.71742 0.0365524 0.0312189 0.000655561 0.0111461

Centrality:30-40
pt GeV/c  v4  stat.  pt-uncorrelated sys.  pt-correlated sys.  
0.493748 0.0137102 0.000617306 0.000402689 0.00954473
0.692215 0.0229689 0.000822967 0.00067463 0.0138127
0.892324 0.0354269 0.00112802 0.00104054 0.0188794
1.09271 0.0428491 0.00152443 0.00125854 0.0206698
1.29274 0.0577828 0.00204897 0.00169717 0.0255624
1.49277 0.0662979 0.0027402 0.00194727 0.0273045
1.69332 0.0734464 0.00362509 0.00215723 0.028495
1.89305 0.0695291 0.00475744 0.00204217 0.0257139
2.09257 0.0878947 0.00634577 0.0025816 0.0311844
2.29204 0.10102 0.00867374 0.0029671 0.0346763
2.49159 0.0756173 0.0120984 0.00222099 0.0253479
2.69114 0.0795073 0.0171569 0.00233525 0.0260922
2.89131 0.071668 0.0247283 0.00210499 0.0231592
3.21374 0.0737603 0.0291673 0.00216645 0.0233603
3.71763 0.119397 0.045486 0.00350687 0.0369525

Centrality:40-50
pt GeV/c  v4  stat.  pt-uncorrelated sys.  pt-correlated sys.  
0.493628 0.0156008 0.00133149 0.000749539 0.0103294
0.692081 0.0292801 0.00178324 0.00140675 0.0153923
0.892237 0.043797 0.00245525 0.00210422 0.0194303
1.09262 0.0538182 0.0033294 0.00258568 0.0211457
1.29272 0.0686941 0.00448251 0.0033004 0.0247642
1.49283 0.0773805 0.00599313 0.00371773 0.0263308
1.69332 0.0921442 0.00791977 0.00442705 0.0301517
1.89318 0.092753 0.0103662 0.0044563 0.0296142
2.09277 0.0987855 0.0137831 0.00474613 0.0310303
2.29229 0.111512 0.0187571 0.00535756 0.0346468
2.49156 0.126864 0.0259774 0.00609517 0.039136
2.69137 0.0646996 0.0367316 0.00310848 0.020001
2.89092 0.15106 0.0525845 0.00725763 0.0462535
3.21365 0.0719075 0.0610244 0.00345478 0.0220832
3.71815 0.166897 0.0933882 0.00801855 0.0508895

Centrality:30-50
pt GeV/c  v4  stat.  pt-uncorrelated sys.  pt-correlated sys.  
0.493727 0.0144601 0.000560044 0.000433104 0.0093824
0.692192 0.0254555 0.000747232 0.000762433 0.0140999
0.892309 0.0387043 0.00102502 0.00115926 0.0188214
1.0927 0.0471285 0.00138605 0.00141157 0.0205371
1.29274 0.06203 0.00186351 0.0018579 0.024556
1.49278 0.0706113 0.00249207 0.00211492 0.025788
1.69332 0.0807378 0.0032962 0.00241823 0.0275371
1.89307 0.0786064 0.00432384 0.00235439 0.0253618
2.09261 0.0921707 0.00576419 0.00276066 0.0283589
2.29209 0.105167 0.00787275 0.00314994 0.0311289
2.49158 0.0960121 0.0109673 0.00287572 0.0275807
2.69118 0.073625 0.0155448 0.00220519 0.0206991
2.89124 0.103737 0.0223774 0.00310711 0.0284822
3.21373 0.0729141 0.0263159 0.0021839 0.0196307
3.71773 0.139205 0.0408933 0.00416941 0.0363823

Centrality:0-50
pt GeV/c  v4  stat.  pt-uncorrelated sys.  pt-correlated sys.  
0.493665 0.00804837 0.000165072 0.00011264 0.00518344
0.692144 0.0152368 0.000220711 0.000213245 0.00809234
0.892318 0.0241105 0.000303001 0.000337435 0.0108918
1.09266 0.0319454 0.000410085 0.000447088 0.0125443
1.29263 0.0419571 0.000553326 0.000587206 0.0145785
1.4926 0.0494999 0.000743686 0.00069277 0.0154931
1.69311 0.0555987 0.000991944 0.000778125 0.0159279
1.89278 0.0604962 0.00131149 0.000846668 0.0161035
2.09233 0.0660599 0.0017716 0.000924534 0.0165509
2.29175 0.0734047 0.00245362 0.00102733 0.0175031
2.49131 0.0704689 0.00345428 0.000986239 0.0161608
2.69092 0.0720779 0.00495178 0.00100876 0.0160171
2.89073 0.0744975 0.00718573 0.00104262 0.0161445
3.21145 0.0652013 0.00872601 0.000912518 0.0137395
3.71579 0.0729904 0.0139366 0.00102153 0.0149416
