Centrality:0-10
pt GeV/c  v4  stat.  pt-uncorrelated sys.  pt-correlated sys.  
0.515834 0.000488538 0.0018225 2.55524e-05 0.00124519
0.704822 -0.00200897 0.00127378 0.000105077 0.00137441
0.900758 0.00168591 0.00114948 8.81796e-05 0.00129955
1.09829 0.00753993 0.00117562 0.000394367 0.0020195
1.29657 0.0154595 0.00130776 0.000808588 0.00318593
1.49521 0.0240844 0.00153803 0.00125971 0.00441886
1.69485 0.0347372 0.00187713 0.00181689 0.00594948
1.89443 0.041905 0.0023252 0.00219179 0.00690793
2.09402 0.0482981 0.00293311 0.00252618 0.00777223
2.29393 0.0587596 0.00375769 0.00307335 0.00929728
2.49401 0.0671717 0.00478658 0.00351333 0.0105213
2.69389 0.0682306 0.00610605 0.00356872 0.0106315
2.89386 0.0688742 0.00780367 0.00360239 0.010697
3.20051 0.0842556 0.0117627 0.00440689 0.0130226
3.70461 0.102457 0.0217568 0.0053589 0.0157856

Centrality:10-20
pt GeV/c  v4  stat.  pt-uncorrelated sys.  pt-correlated sys.  
0.516634 -0.000764817 0.00222798 2.24807e-05 0.0023113
0.704861 0.00392479 0.00154012 0.000115363 0.00314928
0.90067 0.00714598 0.00139053 0.000210046 0.00406011
1.09818 0.012878 0.00142695 0.000378531 0.00569113
1.29647 0.0258098 0.00159261 0.000758643 0.00944447
1.4952 0.0346924 0.00187727 0.00101973 0.0112383
1.69489 0.0498743 0.00229083 0.00146598 0.0145742
1.8945 0.0569906 0.00283542 0.00167516 0.0153945
2.0941 0.0731536 0.00356918 0.00215025 0.018506
2.29408 0.0793533 0.00455229 0.00233248 0.0190971
2.49412 0.0894548 0.00578244 0.00262939 0.0206879
2.69403 0.0929535 0.00734422 0.00273223 0.0208584
2.89393 0.100465 0.00933766 0.00295301 0.0220146
3.20158 0.0834608 0.0135297 0.00245321 0.0178779
3.70396 0.131004 0.0245728 0.00385067 0.0272683

Centrality:20-30
pt GeV/c  v4  stat.  pt-uncorrelated sys.  pt-correlated sys.  
0.517205 0.00230279 0.00293995 8.43307e-05 0.00313202
0.704764 0.00373188 0.00202228 0.000136666 0.00350899
0.900455 0.0117018 0.00183795 0.000428535 0.0067712
1.09796 0.0208417 0.00190132 0.000763248 0.0101538
1.29633 0.0339621 0.00213805 0.00124373 0.0146605
1.49511 0.0473969 0.00253358 0.00173573 0.0187222
1.69486 0.0618459 0.00310258 0.00226487 0.0228154
1.89444 0.0735846 0.00384499 0.00269475 0.0257769
2.0942 0.0909459 0.00483757 0.00333055 0.0306106
2.29408 0.092774 0.00616953 0.00339749 0.0303348
2.49411 0.115641 0.00781344 0.00423493 0.0369522
2.69436 0.126247 0.0098929 0.0046233 0.0396796
2.89411 0.114893 0.0125079 0.0042075 0.0357007
3.20322 0.117345 0.0176677 0.00429733 0.0360041
3.70594 0.153047 0.0316552 0.00560478 0.046388

Centrality:30-40
pt GeV/c  v4  stat.  pt-uncorrelated sys.  pt-correlated sys.  
0.517614 0.00310838 0.00435319 0.000132315 0.00337906
0.70447 0.00478255 0.00299957 0.00020358 0.00388334
0.900144 0.0152193 0.00275807 0.000647846 0.00844121
1.09766 0.0303146 0.00289102 0.00129042 0.0147252
1.29607 0.0405587 0.00328794 0.00172648 0.0180307
1.49491 0.0580752 0.00392991 0.00247211 0.0239472
1.6947 0.0695482 0.00484016 0.00296048 0.0269975
1.89437 0.0699941 0.00602518 0.00297946 0.0258894
2.09405 0.0970351 0.0075969 0.00413053 0.034407
2.29397 0.105726 0.00967725 0.00450046 0.036282
2.49416 0.123802 0.0122429 0.00526993 0.0413629
2.69411 0.126415 0.0154703 0.00538116 0.0413618
2.894 0.147416 0.0196137 0.00627512 0.0474117
3.20488 0.150205 0.0269759 0.00639385 0.0473822
3.70601 0.123349 0.0477772 0.00525064 0.0381908

Centrality:40-50
pt GeV/c  v4  stat.  pt-uncorrelated sys.  pt-correlated sys.  
0.517753 0.0104649 0.00901336 0.00117821 0.00874268
0.704078 0.0168929 0.00626649 0.00190191 0.0104342
0.899635 0.0242004 0.00587234 0.00272465 0.0120831
1.0972 0.038937 0.00626977 0.00438379 0.0162305
1.29571 0.0505782 0.0072365 0.00569443 0.0190286
1.49477 0.0741643 0.00875615 0.00834991 0.0257698
1.69456 0.0867662 0.0108649 0.00976872 0.0288753
1.89422 0.104541 0.0136053 0.0117699 0.0337528
2.09403 0.11049 0.0172047 0.0124397 0.03507
2.29402 0.122499 0.021971 0.0137917 0.0383956
2.49408 0.146239 0.0277416 0.0164646 0.0453864
2.69446 0.139263 0.0350995 0.0156792 0.0430813
2.89439 0.181183 0.0443447 0.0203988 0.0556936
3.20392 0.136248 0.0602007 0.0153397 0.0419614
3.70672 0.226603 0.106048 0.0255125 0.0692517

Centrality:30-50
pt GeV/c  v4  stat.  pt-uncorrelated sys.  pt-correlated sys.  
0.51764 0.00616744 0.00391995 0.000371146 0.00485392
0.704397 0.00976653 0.00270559 0.000587733 0.00609063
0.900052 0.0188294 0.00249644 0.00113312 0.00952887
1.09758 0.0337128 0.00262536 0.00202878 0.014855
1.296 0.0444318 0.00299345 0.00267383 0.0177312
1.49489 0.0642049 0.00358535 0.00386374 0.0235117
1.69467 0.076042 0.00442128 0.00457608 0.0259908
1.89435 0.0829149 0.00550913 0.00498968 0.0267796
2.09405 0.102047 0.00694955 0.00614102 0.0314074
2.29398 0.111951 0.00885625 0.00673704 0.0331536
2.49415 0.132153 0.0112007 0.00795277 0.0379075
2.69416 0.131135 0.0141562 0.00789148 0.0366983
2.89406 0.160007 0.0179375 0.00962894 0.0438481
3.20472 0.144851 0.0246174 0.00871687 0.0388059
3.70613 0.161627 0.0435605 0.00972645 0.0422642

Centrality:0-50
pt GeV/c  v4  stat.  pt-uncorrelated sys.  pt-correlated sys.  
0.516474 0.00190992 0.00120975 3.96427e-05 0.00238327
0.704783 0.0034671 0.000839464 7.19638e-05 0.00274875
0.900614 0.00905257 0.000760177 0.000187897 0.00453617
1.09814 0.0173955 0.000781735 0.000361064 0.00707621
1.29645 0.0280252 0.000873928 0.000581695 0.00989215
1.49517 0.039834 0.00103138 0.000826802 0.0125735
1.69485 0.0525296 0.00126049 0.00109031 0.0151221
1.89445 0.0604293 0.00156186 0.00125428 0.0161488
2.09408 0.0741515 0.00196809 0.0015391 0.0186174
2.294 0.0817758 0.002515 0.00169735 0.0195363
2.49407 0.0960023 0.00319593 0.00199264 0.0220189
2.69403 0.0993334 0.00406326 0.00206178 0.0220754
2.89394 0.105578 0.00517157 0.0021914 0.0228779
3.20173 0.104926 0.00754978 0.00217787 0.0221061
3.70481 0.135272 0.0137443 0.00280772 0.0276558

