Centrality:0-10
pt GeV/c  v4Psi2  stat.  pt-uncorrelated sys.  pt-correlated sys.  
0.49357 0.000243047 0.000111898 1.99153e-05 0.000188317
0.692067 0.00105581 0.000150158 8.65128e-05 0.000397963
0.892278 0.00195747 0.000206616 0.000160395 0.000688994
1.09262 0.00300054 0.00028024 0.000245864 0.00103771
1.29257 0.0047611 0.000379176 0.000390124 0.00163335
1.49248 0.00405709 0.000511446 0.000332438 0.00139464
1.693 0.00623465 0.000685215 0.000510866 0.00213409
1.89268 0.00849746 0.000910414 0.00069628 0.00290442
2.09212 0.00538626 0.00123796 0.00044135 0.00184566
2.29156 0.00502275 0.00172683 0.000411563 0.00172218
2.49118 0.0104453 0.00244649 0.000855884 0.00356814
2.69087 0.00849463 0.00352387 0.000696048 0.00290346
2.89049 0.00832684 0.00513982 0.0006823 0.0028463
3.21033 0.00621368 0.00637272 0.000509148 0.00212696
3.71418 0.0011182 0.0103261 9.16253e-05 0.000417334

Centrality:10-20
pt GeV/c  v4Psi2  stat.  pt-uncorrelated sys.  pt-correlated sys.  
0.493727 0.00132914 8.22808e-05 2.44708e-05 0.000205381
0.692188 0.00286877 0.000109769 5.28168e-05 0.00035023
0.892345 0.004939 0.000150431 9.09316e-05 0.000569152
1.0927 0.00709819 0.000203345 0.000130684 0.000804717
1.29263 0.0096911 0.000274006 0.000178422 0.00109071
1.49263 0.011546 0.000367846 0.000212572 0.00129621
1.69314 0.0124866 0.000490181 0.000229889 0.00140058
1.89283 0.0140648 0.000647253 0.000258946 0.00157589
2.09239 0.0148228 0.000873523 0.000272902 0.00166015
2.2918 0.0157184 0.00120848 0.000289391 0.00175974
2.49134 0.0179604 0.00169945 0.000330667 0.0020092
2.69086 0.0175421 0.00243321 0.000322966 0.00196264
2.89063 0.0139285 0.00353106 0.000256438 0.00156075
3.21144 0.0185661 0.00428327 0.00034182 0.00207663
3.71601 0.0186632 0.00682463 0.000343606 0.00208743

Centrality:20-30
pt GeV/c  v4Psi2  stat.  pt-uncorrelated sys.  pt-correlated sys.  
0.493783 0.00258079 9.03034e-05 5.72623e-05 0.00038653
0.692235 0.00532322 0.00012022 0.000118111 0.000516895
0.892363 0.00860397 0.000164561 0.000190904 0.000717943
1.09272 0.0120563 0.000222197 0.000267503 0.000950254
1.29271 0.0148857 0.000298689 0.000330282 0.00114768
1.49271 0.0196532 0.000399861 0.000436062 0.00148723
1.69325 0.0208922 0.000530541 0.000463554 0.00157633
1.89296 0.0228889 0.000697826 0.000507855 0.0017204
2.09248 0.0244666 0.00093656 0.000542862 0.0018346
2.29191 0.0233362 0.00128642 0.00051778 0.00175275
2.49149 0.0247768 0.00179905 0.000549744 0.00185707
2.69105 0.0271724 0.0025649 0.000602897 0.00203099
2.89105 0.0261908 0.00370525 0.000581117 0.00195967
3.21274 0.024442 0.00440274 0.000542315 0.00183281
3.71782 0.0225142 0.00695731 0.000499542 0.00169333

Centrality:30-40
pt GeV/c  v4Psi2  stat.  pt-uncorrelated sys.  pt-correlated sys.  
0.493753 0.00359763 0.000120369 8.28857e-05 0.000334333
0.692215 0.00713295 0.000160465 0.000164336 0.000545922
0.892326 0.0117454 0.000219919 0.000270601 0.000851785
1.09271 0.0165792 0.000297263 0.000381968 0.00118227
1.29275 0.020414 0.000399587 0.000470317 0.00144715
1.49277 0.0234342 0.00053421 0.0005399 0.00165663
1.69333 0.0261392 0.000707087 0.00060222 0.00184466
1.89304 0.0300733 0.000927529 0.000692858 0.00211862
2.0926 0.029102 0.00123884 0.00067048 0.00205094
2.29207 0.032418 0.00169151 0.000746876 0.00228208
2.49157 0.0334139 0.00235697 0.000769822 0.00235155
2.69096 0.0312229 0.00334698 0.000719344 0.00219875
2.89109 0.0322271 0.00481138 0.000742479 0.00226877
3.21418 0.0271551 0.00568776 0.000625624 0.00191536
3.71914 0.037655 0.00887472 0.000867532 0.00264756

Centrality:40-50
pt GeV/c  v4Psi2  stat.  pt-uncorrelated sys.  pt-correlated sys.  
0.493629 0.00500393 0.000193627 0.000117842 0.000543312
0.692083 0.00896996 0.000259357 0.000211242 0.000845356
0.892221 0.0136266 0.000357064 0.000320905 0.00122922
1.09262 0.0203094 0.000484181 0.000478284 0.00179648
1.29271 0.0238746 0.000651883 0.000562244 0.00210227
1.49284 0.027934 0.000871522 0.000657842 0.00245178
1.69332 0.0299879 0.00115156 0.000706212 0.00262899
1.89314 0.0344845 0.00150777 0.000812107 0.00301756
2.09277 0.0340847 0.00200448 0.000802692 0.00298298
2.29225 0.0363546 0.00272695 0.000856148 0.00317935
2.49159 0.0304297 0.00377817 0.000716618 0.00266713
2.69138 0.0230411 0.00533947 0.000542617 0.00203067
2.89076 0.0482029 0.00765389 0.00113517 0.00420601
3.21402 0.030222 0.00888471 0.000711726 0.0026492
3.71931 -0.00574389 0.0135943 0.000135268 0.000596136

Centrality:50-60
pt GeV/c  v4Psi2  stat.  pt-uncorrelated sys.  pt-correlated sys.  
0.493408 0.00485727 0.000398141 0.000258817 0.00137096
0.691904 0.00906062 0.000537729 0.00048279 0.00191073
0.892072 0.0148273 0.000745991 0.000790064 0.00279677
1.09253 0.0198205 0.00101663 0.00105612 0.0036139
1.29265 0.0205834 0.0013729 0.00109678 0.00374081
1.49281 0.029061 0.00183801 0.0015485 0.00517078
1.69332 0.0300424 0.00242636 0.00160079 0.0053379
1.89314 0.0375262 0.00316985 0.00199956 0.00661848
2.09279 0.037247 0.00420786 0.00198469 0.00657057
2.29242 0.033643 0.00569771 0.00179265 0.00595284
2.49186 0.0349513 0.00784883 0.00186236 0.00617686
2.69171 0.0461179 0.0110385 0.00245737 0.00809717
2.89091 0.0127118 0.0157393 0.000677343 0.00246129
3.21537 0.0672342 0.0179067 0.00358253 0.011749
3.71849 0.045462 0.0276806 0.00242242 0.00798408

Centrality:30-50
pt GeV/c  v4Psi2  stat.  pt-uncorrelated sys.  pt-correlated sys.  
0.493718 0.00415468 0.000102226 7.34542e-05 0.000356097
0.692178 0.00785647 0.000136459 0.000138901 0.000584969
0.892297 0.0124823 0.000187252 0.000220685 0.000893273
1.09269 0.0180342 0.000253329 0.000318842 0.00127226
1.29274 0.0217611 0.000340678 0.000384733 0.00152876
1.49279 0.0251854 0.000455456 0.000445274 0.00176517
1.69333 0.02764 0.000602562 0.000488673 0.00193493
1.89307 0.0317979 0.000790014 0.000562183 0.00222286
2.09265 0.0310594 0.00105382 0.000549127 0.00217169
2.29212 0.0339729 0.00143743 0.000600637 0.00237362
2.49157 0.0322262 0.00199975 0.000569755 0.00225254
2.69108 0.0279459 0.00283589 0.00049408 0.0019561
2.891 0.0386587 0.0040734 0.000683482 0.00269865
3.21413 0.0284182 0.00479026 0.00050243 0.00198879
3.71919 0.0195402 0.00743134 0.000345468 0.00137578

Centrality:0-50
pt GeV/c  v4Psi2  stat.  pt-uncorrelated sys.  pt-correlated sys.  
0.493712 0.0018401 4.7357e-05 2.0492e-05 0.00017862
0.692177 0.00386158 6.32156e-05 4.30038e-05 0.000353318
0.892328 0.00636067 8.66908e-05 7.08345e-05 0.000575155
1.09269 0.00917323 0.000117238 0.000102156 0.000826475
1.29266 0.0118255 0.000157917 0.000131693 0.00106401
1.49266 0.0138382 0.000211817 0.000154107 0.00124442
1.69319 0.0156531 0.000281733 0.000174318 0.00140716
1.89289 0.0182092 0.000371409 0.000202784 0.00163645
2.09243 0.0177355 0.000499776 0.000197508 0.00159395
2.29187 0.0185041 0.000688699 0.000206068 0.00166291
2.49141 0.0206826 0.000965676 0.000230328 0.00185837
2.69097 0.0195384 0.0013791 0.000217587 0.00175571
2.89082 0.0211888 0.00199536 0.000235966 0.0019038
3.21234 0.0191538 0.00239527 0.000213303 0.0017212
3.71713 0.0152817 0.00379005 0.000170182 0.00137386

