Centrality:0-10
pt GeV/c  v4Psi2  stat.  pt-uncorrelated sys.  pt-correlated sys.  
0.515839 0.000340398 0.000826378 4.25088e-05 0.000625329
0.704817 -0.00159514 0.000577778 0.000199201 0.000820854
0.900744 -0.00119456 0.000521321 0.000149177 0.000737353
1.09829 0.000764927 0.000533301 9.55239e-05 0.000667585
1.29657 0.00223923 0.000593306 0.000279635 0.000980483
1.49522 0.00429639 0.000697683 0.000536532 0.00158957
1.69485 0.00545991 0.000851706 0.000681832 0.00196174
1.89441 0.0063332 0.00105475 0.000790888 0.00224667
2.09404 0.0102586 0.00133014 0.0012811 0.00355397
2.29395 0.0098128 0.00170569 0.00122542 0.00340423
2.49399 0.0108976 0.00217213 0.00136089 0.0037689
2.6939 0.00779265 0.00277251 0.000973144 0.00272907
2.89377 0.0136365 0.00353852 0.00170293 0.00469344
3.20042 0.0161712 0.00533523 0.00201945 0.00555203
3.70367 0.0333034 0.00985554 0.00415892 0.0113804

Centrality:10-20
pt GeV/c  v4Psi2  stat.  pt-uncorrelated sys.  pt-correlated sys.  
0.516662 -0.00155717 0.000607474 7.86517e-05 0.000605919
0.704872 -6.84234e-06 0.000419848 3.45602e-07 0.00058047
0.900691 0.000308227 0.000379125 1.55684e-05 0.000581487
1.09819 0.00157998 0.000388999 7.98037e-05 0.000606654
1.29645 0.00426874 0.000434076 0.000215612 0.000750898
1.49522 0.00825465 0.000511741 0.000416937 0.00108877
1.6949 0.0112514 0.00062447 0.000568301 0.00138322
1.89454 0.0152821 0.000772879 0.000771888 0.00180139
2.09411 0.0198267 0.000973047 0.00100144 0.00228732
2.29409 0.0224802 0.00124119 0.00113546 0.00257482
2.4941 0.0270108 0.00157677 0.0013643 0.00306949
2.69405 0.0281916 0.00200134 0.00142394 0.00319896
2.89398 0.025465 0.00254426 0.00128622 0.00290028
3.2016 0.0379939 0.00368176 0.00191905 0.00427923
3.70464 0.0421342 0.00669046 0.00212818 0.0047374

Centrality:20-30
pt GeV/c  v4Psi2  stat.  pt-uncorrelated sys.  pt-correlated sys.  
0.517208 -0.000474598 0.000655725 1.49622e-05 0.000526453
0.704774 0.000388919 0.000451119 1.22611e-05 0.000526071
0.900457 0.00130707 0.000409958 4.12066e-05 0.000534052
1.09797 0.00501395 0.000424052 0.00015807 0.000642279
1.29633 0.00928666 0.000477075 0.000292772 0.000862854
1.49511 0.0149215 0.000565141 0.000470417 0.00121889
1.69487 0.0189878 0.000691765 0.00059861 0.00149495
1.89438 0.0263905 0.00085795 0.000831989 0.00201496
2.09418 0.0309103 0.00107957 0.000974478 0.00233821
2.29416 0.0338831 0.00137579 0.0010682 0.00255222
2.49418 0.0374786 0.00174196 0.00118155 0.0028121
2.69448 0.0436176 0.00220644 0.00137509 0.00325775
2.89405 0.0470318 0.00278861 0.00148273 0.00350636
3.20309 0.0446237 0.00393636 0.00140681 0.00333096
3.70638 0.0364489 0.00704966 0.00114909 0.00273758

Centrality:30-40
pt GeV/c  v4Psi2  stat.  pt-uncorrelated sys.  pt-correlated sys.  
0.517581 0.00110696 0.000848997 2.88325e-05 0.000973462
0.70448 0.0013121 0.00058492 3.41757e-05 0.000974712
0.900143 0.00333573 0.000537757 8.68841e-05 0.000998119
1.09764 0.00716624 0.000563805 0.000186655 0.00109259
1.29607 0.013913 0.000641145 0.000362384 0.00137549
1.49496 0.020927 0.00076627 0.000545076 0.00175834
1.69468 0.0253185 0.000943861 0.000659457 0.00202208
1.89443 0.0334057 0.0011751 0.000870102 0.00253387
2.09407 0.0407304 0.00148135 0.00106088 0.00301439
2.29394 0.0454693 0.00188688 0.00118432 0.00333048
2.49408 0.0471287 0.00238661 0.00122754 0.00344187
2.69412 0.0543984 0.00301574 0.00141689 0.00393321
2.89393 0.0616182 0.00381887 0.00160494 0.00442522
3.20414 0.0664423 0.00526701 0.00173059 0.00475558
3.70659 0.0546453 0.00931828 0.00142332 0.00394998

Centrality:40-50
pt GeV/c  v4Psi2  stat.  pt-uncorrelated sys.  pt-correlated sys.  
0.517772 -0.000119841 0.00131067 5.20574e-06 0.00080781
0.704084 0.00350186 0.000911846 0.000152117 0.000863283
0.899644 0.00467869 0.000854155 0.000203237 0.000904498
1.09723 0.010885 0.000911897 0.00047283 0.00124465
1.2957 0.0170225 0.00105291 0.000739438 0.00168685
1.49476 0.024054 0.00127292 0.00104488 0.00224307
1.69456 0.0329558 0.00157964 0.00143156 0.00297862
1.89422 0.0418842 0.00197989 0.0018194 0.00373219
2.09401 0.0484091 0.00250241 0.00210284 0.00428814
2.29407 0.0586959 0.00319351 0.00254968 0.00516977
2.49407 0.0531084 0.00403451 0.00230697 0.00469027
2.69431 0.060681 0.00511615 0.00263591 0.00534041
2.89442 0.063643 0.00645313 0.00276458 0.00559527
3.20459 0.0597336 0.00873504 0.00259476 0.00525895
3.70559 0.0723325 0.0154912 0.00314204 0.00634423

Centrality:50-60
pt GeV/c  v4Psi2  stat.  pt-uncorrelated sys.  pt-correlated sys.  
0.517821 -0.000281163 0.00257262 2.89285e-05 0.00230134
0.703492 0.0018936 0.00181602 0.00019483 0.00232429
0.899033 0.00945821 0.00174437 0.000973142 0.00282886
1.09668 0.0134754 0.00190449 0.00138647 0.00328512
1.29534 0.0165505 0.00223904 0.00170285 0.00368615
1.49435 0.0259113 0.00274601 0.00266598 0.0050619
1.69435 0.0362582 0.003446 0.00373056 0.00671566
1.89407 0.0432311 0.00435119 0.00444799 0.00786656
2.09404 0.0443752 0.00550697 0.0045657 0.00805715
2.29419 0.0605704 0.00705216 0.00623201 0.010788
2.49428 0.0672879 0.00894232 0.00692316 0.0119326
2.6941 0.0572419 0.011347 0.00588954 0.0102229
2.89399 0.0630939 0.0141742 0.00649164 0.0112174
3.204 0.0698274 0.0192053 0.00718445 0.0123665
3.70963 0.0696059 0.0336611 0.00716166 0.0123286

Centrality:30-50
pt GeV/c  v4Psi2  stat.  pt-uncorrelated sys.  pt-correlated sys.  
0.517637 0.000596633 0.000712565 1.43595e-05 0.0007884
0.704364 0.0022133 0.000492333 5.32687e-05 0.000802234
0.900001 0.00387658 0.000455078 9.32998e-05 0.000832254
1.09753 0.00863022 0.000479549 0.000207708 0.000990274
1.29597 0.0151157 0.000547609 0.000363798 0.00131403
1.49491 0.0221178 0.000656498 0.000532322 0.00172904
1.69465 0.0281992 0.00081024 0.000678685 0.00211468
1.89438 0.0365792 0.00101052 0.000880371 0.00266486
2.09405 0.0435928 0.00127474 0.00104917 0.00313453
2.29397 0.0503775 0.00162451 0.00121246 0.00359357
2.49407 0.0493573 0.00205412 0.00118791 0.00352432
2.69417 0.05673 0.00259798 0.00136535 0.00402613
2.89405 0.0623777 0.00328651 0.00150128 0.00441228
3.20426 0.0638934 0.00451049 0.00153776 0.00451612
3.70633 0.0613883 0.007985 0.00147746 0.00434454

Centrality:0-50
pt GeV/c  v4Psi2  stat.  pt-uncorrelated sys.  pt-correlated sys.  
0.516897 -0.00022529 0.000343617 4.7462e-06 0.00027216
0.704717 0.0001174 0.000237638 2.47327e-06 0.000271612
0.900479 0.000865641 0.000216091 1.82365e-05 0.000282318
1.098 0.00357037 0.000223416 7.52173e-05 0.000420048
1.29634 0.00692412 0.000250971 0.000145871 0.00067839
1.49512 0.0111444 0.000297164 0.00023478 0.00103683
1.69483 0.0143118 0.000363796 0.000301509 0.00131344
1.89444 0.018776 0.000451257 0.000395556 0.00170765
2.09411 0.0236117 0.00056844 0.000497431 0.00213745
2.29406 0.0261916 0.00072546 0.00055178 0.00236741
2.4941 0.0283286 0.000920295 0.000596802 0.00255813
2.69417 0.0304796 0.00116776 0.000642118 0.00275026
2.89398 0.0336614 0.00148164 0.000709148 0.00303469
3.20243 0.0389079 0.00211955 0.000819676 0.00350415
3.70539 0.0431463 0.00382245 0.000908968 0.0038837

