Centrality:0-10
pt GeV/c  v4Psi2  stat.  pt-uncorrelated sys.  pt-correlated sys.  
0.51189 0.000611378 0.00063113 0.000104767 0.000627704
0.70093 0.000543346 0.000507261 9.31091e-05 0.000620375
0.897258 0.000837881 0.000532421 0.000143581 0.000657443
1.09583 0.00200398 0.000612784 0.000343408 0.000904473
1.29491 0.00179137 0.00074147 0.000306974 0.000850952
1.49448 0.00422088 0.000916075 0.0007233 0.00155718
1.6951 0.00630487 0.00113201 0.00108042 0.00223132
1.89433 0.00701733 0.00138683 0.00120251 0.00246655
2.09399 0.00848289 0.00175716 0.00145365 0.00295445
2.29339 0.0074119 0.00226851 0.00127012 0.00259745
2.49323 0.0105941 0.00297804 0.00181544 0.00366308
2.69309 -3.48389e-06 0.0039168 5.97007e-07 0.000592025
2.89255 0.00195868 0.00519854 0.000335644 0.000892843
3.20487 0.00937829 0.00629888 0.00160709 0.00325436
3.70792 0.00756729 0.011049 0.00129675 0.00264911

Centrality:10-20
pt GeV/c  v4Psi2  stat.  pt-uncorrelated sys.  pt-correlated sys.  
0.512103 0.000152557 0.00046647 9.5384e-06 0.000370861
0.701007 0.00110311 0.000372828 6.89703e-05 0.000390385
0.897329 0.0032395 0.0003899 0.000202545 0.000517614
1.09587 0.00488382 0.000448009 0.000305354 0.000658976
1.29494 0.00723824 0.000540503 0.000452561 0.000888614
1.4945 0.0089218 0.000667317 0.000557823 0.00106227
1.6951 0.0104785 0.000823363 0.000655156 0.00122657
1.89451 0.0142257 0.00100501 0.000889442 0.00163008
2.09422 0.0138671 0.0012645 0.000867021 0.00159114
2.29363 0.0156477 0.00161997 0.000978349 0.00178497
2.49325 0.0107851 0.00211043 0.000674325 0.00125923
2.69345 0.0166265 0.0027549 0.00103955 0.00189195
2.89298 0.0191939 0.00362254 0.00120007 0.00217362
3.20621 0.0164696 0.00420282 0.00102974 0.00187479
3.70833 0.01598 0.00728336 0.000999128 0.00182126

Centrality:20-30
pt GeV/c  v4Psi2  stat.  pt-uncorrelated sys.  pt-correlated sys.  
0.512138 0.000392748 0.000512169 1.05504e-05 0.000597233
0.701022 0.00244837 0.000409518 6.57705e-05 0.000623233
0.89729 0.00605383 0.000428974 0.000162624 0.000744968
1.09585 0.00709962 0.000492857 0.000190717 0.000793548
1.29496 0.0122719 0.000594942 0.00032966 0.00108357
1.49455 0.0146216 0.000734217 0.000392781 0.00123185
1.69517 0.017504 0.000905573 0.00047021 0.00142147
1.89456 0.0199409 0.00110357 0.000535674 0.00158631
2.0944 0.0232914 0.00137949 0.000625678 0.00181753
2.29372 0.0215967 0.00175372 0.000580152 0.00170002
2.49333 0.0265854 0.00227119 0.000714165 0.00204844
2.6934 0.0224284 0.00295264 0.000602495 0.00175756
2.89295 0.0224198 0.00386447 0.000602263 0.00175697
3.20648 0.0240653 0.0043358 0.000646468 0.00187151
3.70976 0.0269714 0.00739099 0.000724534 0.00207567

Centrality:30-40
pt GeV/c  v4Psi2  stat.  pt-uncorrelated sys.  pt-correlated sys.  
0.511999 0.00150494 0.000682019 7.50525e-05 0.000705372
0.700843 0.00402441 0.000548293 0.000200701 0.000752293
0.897186 0.00742999 0.000577149 0.00037054 0.000870325
1.09575 0.0104974 0.000666038 0.000523513 0.00101363
1.2949 0.0147303 0.000804967 0.000734613 0.00124569
1.49434 0.0194375 0.000995408 0.000969366 0.00153016
1.69505 0.0207161 0.00122785 0.00103313 0.00161041
1.89464 0.0273779 0.00149364 0.00136536 0.00204119
2.09443 0.0276839 0.00186037 0.00138062 0.00206135
2.29386 0.030587 0.00235079 0.0015254 0.00225382
2.49377 0.0275549 0.00302749 0.00137419 0.00205285
2.69355 0.0293227 0.00391334 0.00146235 0.00216976
2.89334 0.0275033 0.00507831 0.00137161 0.00204945
3.20897 0.0264683 0.00554998 0.00131999 0.00198141
3.71038 0.0329467 0.00941457 0.00164308 0.00241159

Centrality:40-50
pt GeV/c  v4Psi2  stat.  pt-uncorrelated sys.  pt-correlated sys.  
0.511754 0.00143777 0.00109639 0.000126797 0.00108016
0.700584 0.00740889 0.000890401 0.000653392 0.00125161
0.896963 0.00915514 0.000945995 0.000807394 0.0013362
1.09565 0.0147132 0.00109888 0.00129756 0.00167016
1.29492 0.0214639 0.00133355 0.00189291 0.00215355
1.4945 0.0200113 0.00165282 0.0017648 0.00204495
1.69509 0.0234675 0.00203787 0.00206961 0.00230632
1.89474 0.0274571 0.00247488 0.00242145 0.00261853
2.09465 0.0276963 0.003073 0.00244254 0.00263753
2.29409 0.0277289 0.00386542 0.00244542 0.00264012
2.4938 0.0368634 0.00495854 0.00325099 0.00338166
2.69378 0.0274858 0.00636761 0.00242398 0.00262081
2.89339 0.0335968 0.00820428 0.00296292 0.00311347
3.20917 0.0427202 0.00878899 0.00376751 0.00386823
3.71253 0.0208401 0.014769 0.00183789 0.00210667

Centrality:50-60
pt GeV/c  v4Psi2  stat.  pt-uncorrelated sys.  pt-correlated sys.  
0.511362 -0.00320398 0.00225949 0.000528117 0.00268268
0.70022 0.00596371 0.0018636 0.000983007 0.00282185
0.896641 0.00412596 0.0020056 0.000680088 0.00272055
1.09542 0.0126187 0.00234732 0.00207995 0.00342159
1.2948 0.014806 0.00286661 0.0024405 0.00367745
1.4945 0.0226983 0.00355513 0.0037414 0.00474195
1.6952 0.0218584 0.00438844 0.00360295 0.00462092
1.89491 0.0320223 0.00532028 0.00527828 0.00615912
2.09477 0.0384879 0.00654973 0.00634403 0.00719296
2.29404 0.00887016 0.00825301 0.00146208 0.00304439
2.49351 0.0306861 0.0104893 0.00505803 0.00594959
2.69371 0.0448993 0.0134772 0.00740082 0.00824176
2.89321 0.0489988 0.0173455 0.00807655 0.00892087
3.21014 0.0347644 0.0182294 0.00573028 0.00659394
3.70994 0.0466711 0.0299757 0.00769287 0.00853458

Centrality:30-50
pt GeV/c  v4Psi2  stat.  pt-uncorrelated sys.  pt-correlated sys.  
0.511931 0.00147882 0.000579116 7.21295e-05 0.000670775
0.700772 0.00534943 0.000466876 0.000260918 0.000760242
0.897126 0.00809774 0.000492693 0.000394966 0.000870053
1.09572 0.012115 0.000569583 0.000590909 0.00107254
1.29491 0.0173016 0.000689149 0.000843881 0.00137456
1.49438 0.0196561 0.000852708 0.000958722 0.00152017
1.69506 0.0217637 0.0010517 0.00106152 0.00165342
1.89467 0.0274088 0.00127879 0.00133686 0.00201952
2.09449 0.0276878 0.00159146 0.00135047 0.00203787
2.29393 0.0294838 0.00200852 0.00143807 0.00215646
2.49378 0.0311743 0.00258393 0.00152052 0.00226871
2.69361 0.0286053 0.00333404 0.00139522 0.00209836
2.89335 0.0299071 0.00431804 0.00145872 0.00218452
3.20903 0.0330276 0.00469268 0.00161092 0.00239237
3.711 0.0279535 0.00793879 0.00136343 0.00205537

Centrality:0-50
pt GeV/c  v4Psi2  stat.  pt-uncorrelated sys.  pt-correlated sys.  
0.512037 0.000644684 0.00026822 1.87796e-05 0.000406991
0.700947 0.002108 0.000215011 6.14061e-05 0.000445105
0.897263 0.00404195 0.000225535 0.000117742 0.00054223
1.09583 0.00591266 0.000259548 0.000172236 0.000666451
1.29493 0.00857151 0.000313532 0.000249688 0.000868711
1.49449 0.0107712 0.000387272 0.000313766 0.00104772
1.69511 0.0128814 0.000477875 0.000375234 0.00122479
1.89452 0.0158264 0.000582953 0.000461024 0.00147709
2.09429 0.0170326 0.00073135 0.000496161 0.00158156
2.29368 0.0173642 0.000933153 0.000505819 0.00161037
2.49339 0.0186004 0.00121187 0.000541831 0.00171807
2.69341 0.0155948 0.00157796 0.000454278 0.00145709
2.89299 0.0173213 0.00206813 0.00050457 0.00160664
3.20681 0.0206745 0.00235426 0.000602249 0.00189962
3.7094 0.0195829 0.00404175 0.000570448 0.00180394

