Inclusive electron invariant multiplicity
-----------------------------------------

minimum bias
------------
                    E dN^3/dp^3 [c^3/GeV^2]
p_T [GeV/c]    value       stat. error           sys. error
-----------------------------------------------------------
0.45	       2.769e-01   8.845e-04             4.575e-02  
0.55	       1.412e-01   4.894e-04  		 2.333e-02   
0.70	       5.247e-02   1.743e-04  		 8.671e-03 
0.90	       1.641e-02   8.119e-05  		 2.712e-03 
1.10	       6.106e-03   4.405e-05  		 1.009e-03 
1.30	       2.413e-03   2.551e-05  		 3.988e-04
1.50	       1.060e-03   1.559e-05  		 1.751e-04
1.80	       3.566e-04   5.848e-06  		 5.892e-05
2.25	       8.338e-05   2.227e-06  		 1.378e-05
2.75	       1.922e-05   9.522e-07  		 3.176e-06
3.50	       3.604e-06   2.593e-07  		 5.956e-07
4.50	       5.020e-07  -8.563e-08 +1.017e-07	 8.295e-08


0-10 %
------
                    E dN^3/dp^3 [c^3/GeV^2]
p_T [GeV/c]    value       stat. error           sys. error
-----------------------------------------------------------
0.45           9.303e-01   5.473e-03             1.548e-01   
0.55   	       4.780e-01   3.017e-03        	 7.955e-02  
0.70 	       1.777e-01   1.063e-03        	 2.957e-02  
0.90 	       5.560e-02   4.876e-04       	 9.254e-03 
1.10 	       2.024e-02   2.609e-04        	 3.368e-03 
1.30	       8.099e-03   1.518e-04		 1.348e-03 
1.50	       3.401e-03   9.129e-05     	 5.661e-04
1.80	       1.150e-03   3.433e-05     	 1.913e-04
2.25	       2.614e-04   1.270e-05    	 4.350e-05
2.75	       4.613e-05   4.849e-06    	 7.678e-06
3.50	       1.057e-05   1.457e-06  		 1.759e-06
4.50	       1.219e-06  -4.837e-07 +7.284e-07  2.030e-07 


10-20 %
-------
                    E dN^3/dp^3 [c^3/GeV^2]
p_T [GeV/c]    value       stat. error           sys. error
-----------------------------------------------------------
0.45           6.423e-01   4.126e-03             1.108e-01   
0.55   	       3.266e-01   2.282e-03          	 5.636e-02  
0.70 	       1.218e-01   8.120e-04          	 2.102e-02  
0.90 	       3.828e-02   3.785e-04         	 6.605e-03 
1.10 	       1.441e-02   2.067e-04         	 2.487e-03 
1.30	       5.561e-03   1.190e-04        	 9.596e-04
1.50	       2.467e-03   7.252e-05        	 4.257e-04
1.80	       8.207e-04   2.732e-05       	 1.416e-04
2.25	       1.983e-04   1.045e-05      	 3.422e-05
2.75	       5.117e-05   4.695e-06      	 8.828e-06
3.50	       8.506e-06   1.204e-06  		 1.468e-06
4.50	       1.026e-06  -3.782e-07 +5.524e-07  1.770e-07  


20-40 %
-------
                    E dN^3/dp^3 [c^3/GeV^2]
p_T [GeV/c]    value       stat. error           sys. error
-----------------------------------------------------------
0.45           3.329e-01   1.913e-03             5.176e-02    
0.55   	       1.701e-01   1.063e-03          	 2.644e-02  
0.70 	       6.354e-02   3.833e-04       	 9.879e-03 
0.90 	       1.992e-02   1.817e-04       	 3.967e-03
1.10 	       7.531e-03   9.974e-05      	 1.171e-03 
1.30	       3.022e-03   5.770e-05      	 4.697e-04
1.50	       1.345e-03   3.582e-05       	 2.091e-04
1.80	       4.507e-04   1.323e-05     	 7.007e-05
2.25	       1.035e-04   5.121e-06      	 1.609e-05
2.75	       2.490e-05   2.263e-06     	 3.871e-06
3.50	       4.524e-06   5.884e-07   		 7.033e-07
4.50	       5.668e-07  -1.762e-07 +2.420e-07	 8.812e-08


40-60 %
-------
                    E dN^3/dp^3 [c^3/GeV^2]
p_T [GeV/c]    value       stat. error           sys. error
-----------------------------------------------------------
0.45           1.146e-01   1.013e-03             1.796e-02  
0.55   	       5.825e-02   5.684e-04     	 9.132e-03 
0.70 	       2.126e-02   2.039e-04      	 3.332e-03 
0.90 	       6.616e-03   9.685e-05    	 1.037e-03 
1.10 	       2.501e-03   5.312e-05     	 3.921e-04 
1.30	       9.558e-04   3.073e-05   		 1.498e-04
1.50	       4.598e-04   1.929e-05   		 7.208e-05
1.80	       1.553e-04   7.348e-06   		 2.434e-05
2.25	       3.690e-05   2.855e-06   		 5.785e-06
2.75	       9.440e-06   1.265e-06   		 1.480e-06
3.50	       1.955e-06  -3.736e-07 +4.533e-07  3.065e-07
4.50	       2.507e-07  -8.673e-08 +1.238e-07	 3.930e-08

