Non photonic electron invariant multiplicity
--------------------------------------------

minimum bias
------------
                    E dN^3/dp^3 [c^3/GeV^2]
p_T [GeV/c]    value       stat. error           sys. error
-----------------------------------------------------------
0.45	       4.446e-02   1.153e-03             5.644e-02  
0.55	       3.428e-02   6.158e-04          	 2.779e-02  
0.70	       1.145e-02   2.016e-04        	 1.005e-02  
0.90	       4.444e-03   8.730e-05       	 3.122e-03 
1.10	       2.066e-03   4.495e-05       	 1.133e-03 
1.30	       9.008e-04   2.540e-05       	 4.429e-04
1.50	       4.545e-04   1.546e-05     	 1.924e-04
1.80	       1.557e-04   5.448e-06      	 6.052e-05
2.25	       4.183e-05   2.051e-06     	 1.371e-05
2.75	       1.041e-05   8.857e-07     	 3.158e-06
3.50	       1.832e-06   2.156e-07  		 5.251e-07
4.50	       2.798e-07  -7.483e-08 +8.889e-08  7.630e-08  


0-10 %
------
                    E dN^3/dp^3 [c^3/GeV^2]
p_T [GeV/c]    value       stat. error           sys. error
-----------------------------------------------------------
0.45           2.055e-01   5.853e-03             1.854e-01   
0.55   	       1.462e-01   3.190e-03         	 9.201e-02  
0.70 	       4.994e-02   1.069e-03        	 3.319e-02  
0.90 	       1.817e-02   4.849e-04      	 1.036e-02  
1.10 	       7.832e-03   2.560e-04     	 3.697e-03 
1.30	       3.626e-03   1.481e-04     	 1.451e-03 
1.50	       1.665e-03   8.959e-05    	 6.072e-04
1.80	       5.928e-04   3.174e-05   		 1.901e-04
2.25	       1.491e-04   1.148e-05   		 4.143e-05
2.75	       2.453e-05   4.497e-06   		 7.627e-06
3.50	       5.847e-06   1.203e-06  		 1.516e-06
4.50	       6.398e-07  -4.207e-07 +6.336e-07  1.875e-07


10-20 %
-------
                    E dN^3/dp^3 [c^3/GeV^2]
p_T [GeV/c]    value       stat. error           sys. error
-----------------------------------------------------------
0.45           1.376e-01   4.361e-03             1.315e-01   
0.55   	       9.282e-02   2.391e-03       	 6.509e-02  
0.70 	       3.192e-02   8.096e-04       	 2.355e-02  
0.90 	       1.209e-02   3.740e-04     	 7.364e-03 
1.10 	       5.494e-03   2.022e-04     	 2.716e-03 
1.30	       2.262e-03   1.161e-04   		 1.042e-03 
1.50	       1.176e-03   7.118e-05    	 4.562e-04
1.80	       3.898e-04   2.533e-05  		 1.424e-04
2.25	       1.102e-04   9.622e-06   		 3.333e-05
2.75	       3.284e-05   4.425e-06  		 8.633e-06
3.50	       4.723e-06   1.006e-06  		 1.278e-06
4.50	       5.790e-07  -3.376e-07 +4.931e-07  1.658e-07


20-40 %
-------
                    E dN^3/dp^3 [c^3/GeV^2]
p_T [GeV/c]    value       stat. error           sys. error
-----------------------------------------------------------
0.45           5.318e-02   2.089e-03             6.539e-02  
0.55   	       4.090e-02   1.143e-03         	 3.219e-02  
0.70 	       1.435e-02   3.891e-04       	 1.166e-02  
0.90 	       5.411e-03   1.812e-04     	 3.632e-03 
1.10 	       2.522e-03   9.801e-05      	 1.338e-03 
1.30	       1.115e-03   5.640e-05     	 5.306e-04
1.50	       5.613e-04   3.520e-05     	 2.339e-04
1.80	       1.887e-04   1.227e-05    	 7.334e-05
2.25	       4.767e-05   4.708e-06     	 1.641e-05
2.75	       1.290e-05   2.102e-06    	 3.909e-06
3.50	       2.161e-06   4.875e-07    	 6.295e-07
4.50	       2.864e-07  -1.535e-07 +2.108e-07	 8.283e-08


40-60 %
-------
                    E dN^3/dp^3 [c^3/GeV^2]
p_T [GeV/c]    value       stat. error           sys. error
-----------------------------------------------------------
0.45           1.356e-02   1.050e-03             2.305e-02  
0.55   	       1.180e-02   5.839e-04      	 1.128e-02  
0.70 	       3.669e-03   2.000e-04     	 4.021e-03 
0.90 	       1.358e-03   9.488e-05     	 1.252e-03 
1.10 	       7.004e-04   5.178e-05      	 4.588e-04
1.30	       2.679e-04   3.016e-05   		 1.774e-04
1.50	       1.730e-04   1.893e-05   		 8.197e-05
1.80	       5.651e-05   6.833e-06   		 2.617e-05
2.25	       1.511e-05   2.639e-06   		 6.058e-06
2.75	       4.649e-06   1.195e-06   		 1.538e-06
3.50	       9.646e-07  -3.149e-07 +3.820e-07	 2.778e-07 
4.50	       1.332e-07  -7.782e-08 +1.111e-07	 3.785e-08
