Non photonic electron R_AA
--------------------------

minimum bias
------------

p_T [GeV/c]  R_AA     stat. error       sys. error (Au+Au)  sys. error (p+p)
----------------------------------------------------------------------------
0.45         0.4983   0.1147            0.6325             -0.2191  +1.8170     
0.55   	     0.9089   0.2851        	0.7368 		   -0.4081  +4.0063    
0.70 	     0.6243   0.1506        	0.5484 		   -0.2371  +0.9868   
0.90 	     0.8677   0.3478        	0.6096 		   -0.3386  +1.5434    
1.10 	     0.9777   0.4717        	0.5362 		   -0.3472  +1.1983    
1.30	     1.1728   0.6262          	0.5766 		   -0.4288  +1.5959    
1.50	     0.6615   0.1760       	0.2800 		   -0.1655  +0.3314   
1.80	     0.6544   0.1296         	0.2544 		   -0.1577  +0.3043   
2.25	     0.4969   0.0896        	0.1629 		   -0.0994  +0.1657  
2.75	     0.6567  -0.2767  +0.2335   0.1993     	   -0.1422  +0.2509   
3.50	     0.3551  -0.1474  +0.1221 	0.1018 		   -0.0620  +0.0954
4.50	     0.2405  -0.2169  +0.1540	0.0656		   -0.0378  +0.0552


0-10 %
------

p_T [GeV/c]  R_AA     stat. error       sys. error (Au+Au)  sys. error (p+p)
----------------------------------------------------------------------------
0.45         0.6218   0.1433            0.5608             -0.2735  +2.2673    
0.55   	     1.0466   0.3285            0.6585 		   -0.4700  +4.6131    
0.70 	     0.7351   0.1775         	0.4886 		   -0.2792  +1.1620    
0.90 	     0.9574   0.3842         	0.5462 		   -0.3737  +1.7029    
1.10 	     1.0003   0.4833         	0.4722 		   -0.3553  +1.2262    
1.30	     1.2742   0.6814         	0.5097 		   -0.4659  +1.7339     
1.50	     0.6538   0.1761        	0.2385 		   -0.1636  +0.3276   
1.80	     0.6725   0.1360       	0.2157 		   -0.1620  +0.3128   
2.25	     0.4779   0.0907      	0.1328 		   -0.0956  +0.1593  
2.75	     0.4179  -0.1887  +0.1634   0.1299 		   -0.0905  +0.1596  
3.50	     0.3060  -0.1371  +0.1172   0.0793		   -0.0535  +0.0822 
4.50	     0.1484  -0.1609  +0.1686  	0.0435		   -0.0233  +0.0341


10-20 %
-------

p_T [GeV/c]  R_AA     stat. error       sys. error (Au+Au)  sys. error (p+p)
----------------------------------------------------------------------------
0.45         0.6601   0.1524   0.1524   0.6306             -0.2903  +2.4072     
0.55   	     1.0532   0.3309   0.3309   0.7385             -0.4729  +4.6423    
0.70 	     0.7448   0.1802   0.1802   0.5496      	   -0.2829  +1.1774    
0.90 	     1.0102   0.4057   0.4057   0.6152       	   -0.3943  +1.7969    
1.10 	     1.1125   0.5378   0.5378   0.5499       	   -0.3951  +1.3636    
1.30	     1.2598   0.6749   0.6749   0.5804        	   -0.4607  +1.7144    
1.50	     0.7321   0.1982   0.1982   0.2841     	   -0.1832  +0.3668   
1.80	     0.7011   0.1441   0.1441   0.2562      	   -0.1689  +0.3261   
2.25	     0.5603   0.1089   0.1089   0.1694    	   -0.1121  +0.1868   
2.75	     0.8868  -0.3850  +0.3287   0.2331    	   -0.1920  +0.3388   
3.50	     0.3917  -0.1769  +0.1516 	0.1060 		   -0.0684  +0.1052  
4.50	     0.2130  -0.2215  +0.2166	0.0610		   -0.0335  +0.0489

 
20-40 %
-------

p_T [GeV/c]  R_AA     stat. error       sys. error (Au+Au)  sys. error (p+p)
----------------------------------------------------------------------------
0.45         0.5177   0.1201            0.6365             -0.2276  +1.8878    
0.55   	     0.9418   0.2961          	0.7413 		   -0.4229  +4.1513    
0.70 	     0.6800   0.1646          	0.5521 		   -0.2583  +1.0748    
0.90 	     0.9176   0.3687         	0.6158 		   -0.3581  +1.6321    
1.10 	     1.0367   0.5013          	0.5501 		   -0.3682  +1.2707     
1.30	     1.2605   0.6752           	0.5999 		   -0.4609  +1.7153      
1.50	     0.7094   0.1924        	0.2956 		   -0.1775  +0.3554   
1.80	     0.6887   0.1416        	0.2677 		   -0.1659  +0.3203   
2.25	     0.4918   0.0982       	0.1693 		   -0.0984  +0.1640  
2.75	     0.7068  -0.3136  +0.2699   0.2143        	   -0.1531  +0.2700   
3.50	     0.3638  -0.1665  +0.1434  	0.1060 		   -0.0636  +0.0977
4.50	     0.2138  -0.2169  +0.1972	0.0618		   -0.0336  +0.0490
 

40-60 %
-------

p_T [GeV/c]  R_AA     stat. error       sys. error (Au+Au)  sys. error (p+p)
----------------------------------------------------------------------------
0.45         0.4320   0.1043            0.7344             -0.1899  +1.5752    
0.55   	     0.8892   0.2819           	0.8499 		   -0.3993  +3.9195    
0.70 	     0.5688   0.1403           	0.6234 		   -0.2161  +0.8992   
0.90 	     0.7536   0.3063           	0.6949 		   -0.2941  +1.3406    
1.10 	     0.9422   0.4595            0.6172 		   -0.3346  +1.1548    
1.30	     0.9913   0.5403            0.6566  	   -0.3625  +1.3490    
1.50	     0.7156   0.2044           	0.3391 		   -0.1791  +0.3585   
1.80	     0.6752   0.1549          	0.3127 		   -0.1627  +0.3140    
2.25	     0.5102   0.1256         	0.2046 		   -0.1021  +0.1701   
2.75	     0.8341  -0.4056  +0.3591   0.2759     	   -0.1806  +0.3186   
3.50	     0.5316  -0.2737  +0.2717	0.1531  	   -0.0929  +0.1428 
4.50	     0.3255  -0.3388  +0.3261	0.0925		   -0.0512  +0.0747
