1.250 8.396626e-01 8.466299e-02 5.318765e-02 3.579928e-02 5.529293e-02
1.750 9.302737e-01 8.044885e-02 3.202996e-02 4.115017e-02 6.125979e-02
2.250 9.838156e-01 8.242274e-02 2.257704e-02 4.567945e-02 6.478560e-02
2.750 1.040450e+00 8.718551e-02 2.228217e-02 4.909690e-02 6.851505e-02
3.250 1.056237e+00 9.101415e-02 2.928610e-02 5.087287e-02 6.955466e-02
3.750 1.084696e+00 1.202910e-01 4.085168e-02 8.774401e-02 7.142868e-02
4.250 1.070040e+00 1.143337e-01 5.288056e-02 7.287472e-02 7.046362e-02
4.750 1.103316e+00 9.741938e-02 2.172263e-02 6.115497e-02 7.265488e-02
5.250 1.075390e+00 9.402212e-02 2.462551e-02 5.673495e-02 7.081588e-02
5.750 1.059480e+00 9.379260e-02 2.709326e-02 5.652793e-02 6.976819e-02
6.250 1.075836e+00 9.817683e-02 3.479772e-02 5.838456e-02 7.084527e-02
6.750 1.048523e+00 9.837583e-02 3.923630e-02 5.805920e-02 6.904669e-02
7.250 1.072873e+00 1.046373e-01 4.764882e-02 6.072165e-02 7.065012e-02
7.750 9.644649e-01 1.039817e-01 6.049989e-02 5.584139e-02 6.351133e-02
8.250 1.024696e+00 1.327562e-01 9.687813e-02 6.070917e-02 6.747764e-02
8.750 9.988117e-01 1.292386e-01 9.333134e-02 6.054560e-02 6.577311e-02
9.250 8.866701e-01 1.243390e-01 9.502057e-02 5.497324e-02 5.838843e-02
9.750 8.897097e-01 1.414788e-01 1.157736e-01 5.639247e-02 5.858860e-02
11.000 8.536886e-01 1.173449e-01 8.569727e-02 5.714464e-02 5.621656e-02
13.000 1.021648e+00 1.942258e-01 1.664433e-01 7.412203e-02 6.727694e-02
15.000 4.908365e-01 2.084012e-01 2.022857e-01 3.829938e-02 3.232225e-02

------------------------

The columns in the table include the following information:

pT ratio Total_error  Stat_error Systematic_error_B Systematic_error_C 

------------------------

The normalization uncertainty on the p+p reference of 9.7 % is not included here

Systematic_error_B can vary with pT and is plotted as boxes around the data points
Systematic_error_C is an overall scaling error of T_AB

