1.250 8.817084e-01 9.829455e-02 5.005410e-02 3.690997e-02 7.611872e-02
1.750 9.491050e-01 9.717800e-02 3.203366e-02 4.127610e-02 8.193713e-02
2.250 9.964060e-01 9.976079e-02 2.184452e-02 4.555740e-02 8.602067e-02
2.750 1.021030e+00 1.029148e-01 2.384158e-02 4.746823e-02 8.814651e-02
3.250 1.058983e+00 1.089045e-01 3.120590e-02 5.028152e-02 9.142297e-02
3.750 1.107525e+00 1.379577e-01 4.409088e-02 8.914226e-02 9.561370e-02
4.250 1.117775e+00 1.367939e-01 6.072178e-02 7.558743e-02 9.649853e-02
4.750 1.094787e+00 1.144553e-01 2.373021e-02 6.003333e-02 9.451398e-02
5.250 1.054625e+00 1.101518e-01 2.865059e-02 5.498235e-02 9.104673e-02
5.750 1.069064e+00 1.131788e-01 3.335551e-02 5.638077e-02 9.229334e-02
6.250 1.108214e+00 1.204619e-01 4.267286e-02 5.947064e-02 9.567313e-02
6.750 1.110414e+00 1.240971e-01 5.010390e-02 6.082741e-02 9.586304e-02
7.250 1.037049e+00 1.216016e-01 5.828137e-02 5.809231e-02 8.952941e-02
7.750 1.040486e+00 1.308806e-01 7.417904e-02 5.965282e-02 8.982614e-02
8.250 1.039782e+00 1.458124e-01 9.736106e-02 6.102677e-02 8.976534e-02
8.750 7.705371e-01 1.201071e-01 8.864424e-02 4.629091e-02 6.652120e-02
9.250 9.101253e-01 1.489462e-01 1.134966e-01 5.594573e-02 7.857198e-02
9.750 1.102893e+00 1.944132e-01 1.546728e-01 6.933375e-02 9.521378e-02
11.000 1.211077e+00 1.813066e-01 1.243565e-01 8.047430e-02 1.045534e-01
13.000 1.292888e+00 2.734013e-01 2.315183e-01 9.321673e-02 1.116163e-01
15.000 1.702015e+00 5.211353e-01 4.822277e-01 1.320915e-01 1.469366e-01

------------------------

The columns in the table include the following information:

pT ratio Total_error  Stat_error Systematic_error_B Systematic_error_C 

------------------------

The normalization uncertainty on the p+p reference of 9.7 % is not included here

Systematic_error_B can vary with pT and is plotted as boxes around the data points
Systematic_error_C is an overall scaling error of T_AB

