1.250 8.512112e-01 8.778852e-02 5.717683e-02 3.702084e-02 5.538134e-02
1.750 9.434108e-01 8.253350e-02 3.517252e-02 4.251078e-02 6.138001e-02
2.250 9.946567e-01 8.292767e-02 2.198248e-02 4.696643e-02 6.471416e-02
2.750 1.029435e+00 8.567386e-02 2.040065e-02 4.937533e-02 6.697688e-02
3.250 1.064926e+00 9.019706e-02 2.490956e-02 5.210062e-02 6.928600e-02
3.750 1.056314e+00 1.147246e-01 3.247745e-02 8.592854e-02 6.872572e-02
4.250 1.025288e+00 1.053264e-01 4.111545e-02 7.038001e-02 6.670706e-02
4.750 1.031323e+00 9.026156e-02 1.727754e-02 5.784684e-02 6.709976e-02
5.250 9.855661e-01 8.527338e-02 1.961043e-02 5.268071e-02 6.412271e-02
5.750 9.816086e-01 8.692803e-02 2.576191e-02 5.304752e-02 6.386524e-02
6.250 9.677622e-01 8.646594e-02 2.616202e-02 5.317328e-02 6.296436e-02
6.750 9.399726e-01 8.670229e-02 3.166949e-02 5.267100e-02 6.115632e-02
7.250 9.328976e-01 8.967336e-02 3.879838e-02 5.340406e-02 6.069600e-02
7.750 8.928000e-01 8.990476e-02 4.447317e-02 5.225783e-02 5.808719e-02
8.250 9.377912e-01 9.953799e-02 5.507459e-02 5.614129e-02 6.101440e-02
8.750 9.394521e-01 1.102648e-01 7.151404e-02 5.751624e-02 6.112245e-02
9.250 8.030775e-01 1.035698e-01 7.395943e-02 5.026609e-02 5.224967e-02
9.750 7.949324e-01 1.293308e-01 1.070805e-01 5.084576e-02 5.171974e-02
11.000 7.987654e-01 1.015616e-01 6.861518e-02 5.390657e-02 5.196912e-02
13.000 8.352808e-01 1.470815e-01 1.222933e-01 6.102404e-02 5.434488e-02
15.000 7.439280e-01 2.186425e-01 2.050646e-01 5.839846e-02 4.840130e-02

------------------------

The columns in the table include the following information:

pT ratio Total_error  Stat_error Systematic_error_B Systematic_error_C 

------------------------

The normalization uncertainty on the p+p reference of 9.7 % is not included here

Systematic_error_B can vary with pT and is plotted as boxes around the data points
Systematic_error_C is an overall scaling error of T_AB

