FIT1
2<p_T^A<3 GeV/c
pTB     D    staterr   syserrhigh  syserrlow
1.2    0.944    0.004     0.090      0.096
1.7    1.000    0.006     0.078      0.087
2.2    1.036    0.009     0.072      0.081
2.7    1.101    0.014     0.063      0.074
3.3    1.105    0.046     0.048      0.051
4.4    1.105    0.171     0.147      0.115
0.6    0.875    0.004     0.123      0.124

3<p_T^A<4 GeV/c
pTB     D    staterr   syserrhigh  syserrlow
1.2    1.007    0.013     0.078      0.087
1.7    1.036    0.016     0.068      0.076
2.2    1.097    0.043     0.048      0.051
2.7    1.158    0.121     0.036      0.048
3.3    1.130    0.134     0.096      0.047
0.6    0.901    0.010     0.108      0.112

4<p_T^A<5 GeV/c
pTB     D    staterr   syserrhigh  syserrlow
1.2    0.848    0.060     0.080      0.073
1.7    1.130    0.131     0.080      0.103
2.2    1.087    0.160     0.075      0.083
2.7    1.109    0.201     0.109      0.102
0.6    0.885    0.045     0.080      0.101

FIT2
2<p_T^A<3 GeV/c
pTB     D    staterr   syserrhigh  syserrlow
1.2    1.141    0.007     0.034      0.040
1.7    1.168    0.008     0.030      0.033
2.2    1.173    0.013     0.029      0.032
2.7    1.188    0.024     0.029      0.031
3.3    1.131    0.053     0.031      0.033
4.4    1.289    0.093     0.024      0.029
0.6    1.090    0.013     0.028      0.053

3<p_T^A<4 GeV/c
pTB     D    staterr   syserrhigh  syserrlow
1.2    1.193    0.022     0.012      0.031
1.7    1.153    0.028     0.030      0.032
2.2    1.119    0.058     0.031      0.033
2.7    1.208    0.068     0.023      0.025
3.3    1.300    0.055     0.011      0.011
0.6    1.122    0.036     0.026      0.028

4<p_T^A<5 GeV/c
pTB     D    staterr   syserrhigh  syserrlow
1.2    0.853    0.087     0.082      0.053
1.7    1.199    0.134     0.031      0.035
2.2    1.204    0.155     0.032      0.038
2.7    1.192    0.167     0.034      0.036
0.6    1.068    0.126     0.027      0.026
