-1.47263 0.00418656 0.000884367
-1.27628 0.00147543 0.000777249
-1.07993 0.000829213 0.000657694
-0.883575 -0.000230698 0.000573381
-0.687225 0.00418093 0.00051708
-0.490875 0.0112794 0.000469296
-0.294525 0.0190093 0.000428375
-0.098175 0.0226717 0.000405496
0.098175 0.0231248 0.00040543
0.294525 0.0194303 0.000425761
0.490875 0.0116742 0.000458671
0.687225 0.00429182 0.000495648
0.883575 0.000102888 0.000544732
1.07992 0.000947798 0.000628786
1.27627 0.00187122 0.00076257
1.47262 0.00454506 0.000891795
1.66897 0.00652141 0.000859187
1.86532 0.00889786 0.000745741
2.06167 0.00733667 0.000649549
2.25802 0.00702942 0.000571062
2.45437 0.00596877 0.00051122
2.65072 0.00447516 0.000471341
2.84707 0.00308417 0.000452048
3.04342 0.00228777 0.000446537
3.23977 0.00232901 0.000446431
3.43612 0.00294924 0.000450633
3.63247 0.00472518 0.000468092
3.82882 0.00566355 0.000506134
4.02517 0.00704189 0.000563331
4.22152 0.00736594 0.000637464
4.41787 0.00846542 0.000730755
4.61422 0.00703414 0.000844978
