Processing drawjaadata.C...


Near-side region
0-20%
2.0<p_{T}^{A}<3.0 GeV/c
pTB     Jaa     staterr     syserrhigh    syserrlow
0.63   1.34e+00   1.09e-02     5.17e-01      2.53e-01
1.20   1.39e+00   1.20e-02     3.24e-01      2.17e-01
1.70   1.53e+00   1.60e-02     2.35e-01      1.86e-01
2.20   1.33e+00   1.77e-02     1.66e-01      1.32e-01
2.70   1.08e+00   2.09e-02     1.69e-01      9.08e-02
3.34   7.80e-01   1.75e-02     7.85e-02      5.29e-02
4.38   4.96e-01   2.27e-02     4.25e-02      4.00e-02
5.75   2.99e-01   2.45e-02     4.34e-02      3.91e-02
8.18   2.01e-01   5.31e-02     1.09e-01      7.90e-02

3.0<p_{T}^{A}<4.0 GeV/c
pTB     Jaa     staterr     syserrhigh    syserrlow
0.63   8.80e-01   1.87e-02     3.62e-01      1.13e-01
1.20   8.65e-01   1.75e-02     2.10e-01      1.11e-01
1.70   9.43e-01   2.10e-02     1.15e-01      9.59e-02
2.20   7.68e-01   2.09e-02     8.79e-02      6.36e-02
2.70   5.97e-01   2.13e-02     6.67e-02      3.80e-02
3.34   4.81e-01   1.79e-02     2.78e-02      2.85e-02
4.38   3.86e-01   2.57e-02     3.03e-02      3.06e-02
5.75   2.55e-01   2.37e-02     2.96e-02      2.97e-02
8.17   4.07e-01   9.89e-02     6.32e-02      6.32e-02

4.0<p_{T}^{A}<5.0 GeV/c
pTB     Jaa     staterr     syserrhigh    syserrlow
0.63   4.78e-01   2.46e-02     1.03e-01      7.06e-02
1.20   4.75e-01   2.23e-02     7.16e-02      7.14e-02
1.70   5.03e-01   2.42e-02     5.31e-02      4.67e-02
2.20   4.44e-01   2.47e-02     4.55e-02      3.88e-02
2.70   3.89e-01   2.65e-02     3.87e-02      3.91e-02
3.34   3.80e-01   2.42e-02     2.89e-02      2.91e-02
4.38   2.69e-01   2.55e-02     2.47e-02      2.47e-02
5.76   3.12e-01   4.07e-02     2.90e-02      2.91e-02
8.12   3.66e-01   1.76e-01     6.47e-02      6.47e-02

5.0<p_{T}^{A}<10.0 GeV/c
pTB     Jaa     staterr     syserrhigh    syserrlow
0.63   2.80e-01   3.51e-02     7.03e-02      7.13e-02
1.20   3.07e-01   2.85e-02     9.21e-02      5.65e-02
1.70   3.69e-01   2.55e-02     5.34e-02      5.41e-02
2.20   2.21e-01   2.14e-02     4.09e-02      4.12e-02
2.70   2.83e-01   2.05e-02     3.49e-02      3.50e-02
3.35   2.57e-01   1.48e-02     2.32e-02      2.33e-02
4.40   2.41e-01   1.80e-02     2.07e-02      2.07e-02
5.79   2.31e-01   2.23e-02     1.94e-02      1.94e-02
8.03   1.70e-01   6.50e-02     4.72e-02      4.72e-02

20-40%
2.0<p_{T}^{A}<3.0 GeV/c
pTB     Jaa     staterr     syserrhigh    syserrlow
0.63   1.67e+00   1.30e-02     5.84e-01      4.93e-01
1.20   1.55e+00   1.33e-02     4.72e-01      4.44e-01
1.70   1.60e+00   1.70e-02     4.57e-01      3.78e-01
2.20   1.35e+00   1.86e-02     4.72e-01      2.22e-01
2.70   1.19e+00   2.33e-02     2.69e-01      1.55e-01
3.34   9.16e-01   2.07e-02     1.22e-01      1.21e-01
4.38   6.97e-01   2.92e-02     6.96e-02      7.34e-02
5.70   4.88e-01   3.17e-02     5.72e-02      5.56e-02
8.10   4.83e-01   8.49e-02     8.86e-02      8.88e-02

3.0<p_{T}^{A}<4.0 GeV/c
pTB     Jaa     staterr     syserrhigh    syserrlow
0.63   1.24e+00   2.40e-02     4.31e-01      3.20e-01
1.20   1.07e+00   2.10e-02     2.99e-01      2.62e-01
1.70   1.11e+00   2.47e-02     3.00e-01      1.88e-01
2.20   8.97e-01   2.46e-02     1.20e-01      1.29e-01
2.70   7.91e-01   2.74e-02     9.49e-02      1.01e-01
3.34   6.61e-01   2.38e-02     5.39e-02      5.69e-02
4.38   5.73e-01   3.59e-02     3.88e-02      3.96e-02
5.70   4.94e-01   3.87e-02     3.43e-02      3.46e-02
8.15   4.49e-01   1.12e-01     7.52e-02      7.53e-02

4.0<p_{T}^{A}<5.0 GeV/c
pTB     Jaa     staterr     syserrhigh    syserrlow
0.63   6.65e-01   3.04e-02     3.08e-01      1.34e-01
1.20   6.32e-01   2.75e-02     1.60e-01      1.01e-01
1.70   6.57e-01   3.02e-02     1.16e-01      8.00e-02
2.20   6.17e-01   3.22e-02     7.07e-02      7.40e-02
2.71   5.74e-01   3.65e-02     5.62e-02      5.79e-02
3.35   5.59e-01   3.42e-02     4.09e-02      4.18e-02
4.39   4.68e-01   4.14e-02     3.10e-02      3.11e-02
5.72   4.40e-01   5.73e-02     3.73e-02      3.74e-02
8.06   5.88e-01   2.82e-01     3.85e-02      3.85e-02

5.0<p_{T}^{A}<10.0 GeV/c
pTB     Jaa     staterr     syserrhigh    syserrlow
0.63   5.68e-01   4.76e-02     2.20e-01      1.26e-01
1.20   4.74e-01   3.91e-02     1.00e-01      9.09e-02
1.70   4.67e-01   3.52e-02     9.45e-02      9.83e-02
2.20   4.03e-01   3.07e-02     6.31e-02      5.64e-02
2.71   4.35e-01   3.01e-02     6.15e-02      4.71e-02
3.36   4.05e-01   2.27e-02     3.27e-02      3.28e-02
4.40   3.96e-01   2.95e-02     3.26e-02      3.26e-02
5.77   4.47e-01   4.28e-02     2.78e-02      2.78e-02
8.00   2.42e-01   1.04e-01     6.50e-02      6.50e-02

40-60%
2.0<p_{T}^{A}<3.0 GeV/c
pTB     Jaa     staterr     syserrhigh    syserrlow
0.63   1.34e+00   1.20e-02     4.17e-01      3.00e-01
1.20   1.26e+00   1.25e-02     3.57e-01      2.64e-01
1.70   1.30e+00   1.57e-02     2.43e-01      2.16e-01
2.20   1.19e+00   1.81e-02     1.51e-01      1.50e-01
2.71   1.10e+00   2.35e-02     1.30e-01      1.20e-01
3.35   9.14e-01   2.23e-02     7.99e-02      7.47e-02
4.38   8.52e-01   3.58e-02     6.17e-02      6.40e-02
5.70   6.84e-01   4.21e-02     6.18e-02      6.33e-02
8.12   6.07e-01   1.11e-01     1.14e-01      1.12e-01

3.0<p_{T}^{A}<4.0 GeV/c
pTB     Jaa     staterr     syserrhigh    syserrlow
0.63   1.18e+00   2.53e-02     2.82e-01      2.17e-01
1.20   1.02e+00   2.23e-02     1.75e-01      1.66e-01
1.70   1.02e+00   2.52e-02     1.40e-01      1.23e-01
2.20   7.97e-01   2.49e-02     8.77e-02      7.38e-02
2.71   8.58e-01   3.12e-02     6.45e-02      6.76e-02
3.36   7.84e-01   2.91e-02     4.44e-02      4.53e-02
4.39   8.13e-01   5.07e-02     4.65e-02      4.69e-02
5.70   6.03e-01   5.00e-02     5.13e-02      4.23e-02
8.07   7.86e-01   1.94e-01     7.95e-02      7.95e-02

4.0<p_{T}^{A}<5.0 GeV/c
pTB     Jaa     staterr     syserrhigh    syserrlow
0.63   8.47e-01   3.83e-02     2.39e-01      1.42e-01
1.20   8.46e-01   3.52e-02     1.20e-01      1.21e-01
1.70   8.54e-01   3.84e-02     8.09e-02      8.43e-02
2.21   7.55e-01   4.02e-02     6.73e-02      6.94e-02
2.71   8.69e-01   5.27e-02     6.36e-02      6.45e-02
3.37   7.04e-01   4.49e-02     4.79e-02      4.82e-02
4.40   5.28e-01   5.03e-02     4.25e-02      4.10e-02
5.71   6.90e-01   9.05e-02     4.01e-02      4.01e-02
8.13   5.91e-01   3.03e-01     1.30e-01      1.30e-01

5.0<p_{T}^{A}<10.0 GeV/c
pTB     Jaa     staterr     syserrhigh    syserrlow
0.63   6.19e-01   5.70e-02     1.33e-01      1.36e-01
1.20   6.56e-01   4.68e-02     3.14e-01      9.17e-02
1.70   6.46e-01   4.28e-02     8.62e-02      8.84e-02
2.21   5.69e-01   3.82e-02     6.51e-02      6.59e-02
2.71   5.32e-01   3.96e-02     6.07e-02      6.10e-02
3.39   5.48e-01   3.27e-02     3.92e-02      3.92e-02
4.41   5.57e-01   4.59e-02     3.59e-02      3.59e-02
5.74   5.78e-01   9.03e-02     2.23e-02      2.23e-02
8.09   3.00e-01   1.43e-01     3.44e-02      3.44e-02

60-92%
2.0<p_{T}^{A}<3.0 GeV/c
pTB     Jaa     staterr     syserrhigh    syserrlow
0.63   1.04e+00   1.12e-02     2.29e-01      1.50e-01
1.20   9.79e-01   1.16e-02     1.66e-01      1.12e-01
1.70   9.97e-01   1.43e-02     1.01e-01      9.12e-02
2.21   9.44e-01   1.68e-02     6.08e-02      6.46e-02
2.71   9.42e-01   2.31e-02     6.17e-02      6.82e-02
3.36   8.74e-01   2.39e-02     5.06e-02      5.49e-02
4.39   8.75e-01   4.11e-02     6.13e-02      6.47e-02
5.70   8.44e-01   5.39e-02     5.76e-02      5.77e-02
8.01   7.08e-01   1.41e-01     1.39e-01      1.39e-01

3.0<p_{T}^{A}<4.0 GeV/c
pTB     Jaa     staterr     syserrhigh    syserrlow
0.63   9.52e-01   2.45e-02     2.12e-01      1.11e-01
1.20   9.24e-01   2.26e-02     1.57e-01      7.44e-02
1.71   8.86e-01   2.51e-02     7.06e-02      6.74e-02
2.21   8.24e-01   2.75e-02     5.43e-02      5.68e-02
2.71   7.98e-01   3.30e-02     4.94e-02      5.18e-02
3.38   8.45e-01   3.43e-02     3.85e-02      3.94e-02
4.40   1.05e+00   6.92e-02     4.82e-02      4.88e-02
5.73   8.86e-01   7.75e-02     5.35e-02      5.38e-02
8.01   4.70e-01   1.77e-01     2.22e-01      2.22e-01

4.0<p_{T}^{A}<5.0 GeV/c
pTB     Jaa     staterr     syserrhigh    syserrlow
0.63   7.02e-01   4.09e-02     2.72e-01      1.25e-01
1.20   6.68e-01   3.66e-02     8.44e-02      7.80e-02
1.71   7.96e-01   4.19e-02     7.38e-02      7.02e-02
2.21   7.49e-01   4.56e-02     6.76e-02      6.23e-02
2.71   8.43e-01   5.98e-02     7.06e-02      7.22e-02
3.39   9.96e-01   6.59e-02     5.25e-02      5.30e-02
4.42   7.57e-01   7.92e-02     4.83e-02      4.68e-02
5.74   8.26e-01   1.26e-01     4.96e-02      4.96e-02
7.99   1.06e+00   5.79e-01     9.98e-02      9.98e-02

5.0<p_{T}^{A}<10.0 GeV/c
pTB     Jaa     staterr     syserrhigh    syserrlow
0.63   6.95e-01   6.87e-02     1.69e-01      1.49e-01
1.21   8.65e-01   5.74e-02     1.37e-01      1.11e-01
1.71   6.20e-01   5.30e-02     8.63e-02      8.34e-02
2.22   7.36e-01   5.24e-02     6.96e-02      7.09e-02
2.72   7.58e-01   5.97e-02     6.80e-02      6.84e-02
3.38   6.07e-01   5.22e-02     5.11e-02      5.11e-02
4.41   6.59e-01   8.53e-02     5.64e-02      5.64e-02
5.79   8.97e-01   1.50e-01     8.00e-02      8.00e-02
8.10   4.15e-01   2.43e-01     1.90e-02      1.90e-02



Head region
0-20%
2.0<p_{T}^{A}<3.0 GeV/c
pTB     Jaa     staterr     syserrhigh    syserrlow
0.63   1.17e+00   1.14e-02     4.65e-01      3.01e-01
1.20   1.03e+00   1.33e-02     3.72e-01      3.05e-01
1.70   8.33e-01   1.56e-02     3.03e-01      2.74e-01
2.20   5.19e-01   1.59e-02     2.24e-01      2.02e-01
2.70   2.51e-01   1.68e-02     1.99e-01      1.35e-01
3.34   1.44e-01   1.48e-02     9.33e-02      7.37e-02
4.38   6.44e-02   1.82e-02     4.19e-02      3.98e-02
5.75   2.41e-02   2.24e-02     3.93e-02      3.44e-02

3.0<p_{T}^{A}<4.0 GeV/c
pTB     Jaa     staterr     syserrhigh    syserrlow
0.63   8.03e-01   1.72e-02     2.72e-01      1.27e-01
1.20   5.14e-01   1.61e-02     1.99e-01      1.34e-01
1.70   3.72e-01   1.90e-02     1.43e-01      1.32e-01
2.20   1.41e-01   1.64e-02     9.91e-02      8.26e-02
2.70   1.09e-01   1.90e-02     7.96e-02      5.21e-02
3.34   6.34e-02   1.30e-02     2.75e-02      2.87e-02
4.38   6.47e-02   1.64e-02     2.41e-02      2.45e-02
5.75   3.93e-02   1.75e-02     2.43e-02      2.45e-02

4.0<p_{T}^{A}<5.0 GeV/c
pTB     Jaa     staterr     syserrhigh    syserrlow
0.63   5.17e-01   2.42e-02     9.08e-02      7.29e-02
1.20   3.19e-01   2.26e-02     7.57e-02      7.77e-02
1.70   2.10e-01   2.35e-02     5.84e-02      5.22e-02
2.20   6.33e-02   1.93e-02     4.13e-02      3.54e-02
2.70   3.32e-02   1.95e-02     3.22e-02      3.29e-02
3.34   8.68e-02   1.69e-02     2.38e-02      2.42e-02
4.38   6.35e-02   1.70e-02     2.08e-02      2.08e-02
5.76   1.06e-01   2.39e-02     2.23e-02      2.23e-02

5.0<p_{T}^{A}<10.0 GeV/c
pTB     Jaa     staterr     syserrhigh    syserrlow
0.63   3.86e-01   3.02e-02     5.35e-02      5.52e-02
1.20   2.15e-01   2.78e-02     7.13e-02      4.76e-02
1.70   9.13e-02   2.58e-02     4.62e-02      4.72e-02
2.20   6.38e-02   2.36e-02     3.63e-02      3.69e-02
2.70   5.34e-02   2.05e-02     2.84e-02      2.86e-02
3.35   8.19e-02   1.53e-02     2.06e-02      2.06e-02
4.40   9.39e-02   1.50e-02     1.63e-02      1.63e-02
5.79   9.39e-02   1.65e-02     1.62e-02      1.62e-02

20-40%
2.0<p_{T}^{A}<3.0 GeV/c
pTB     Jaa     staterr     syserrhigh    syserrlow
0.63   1.34e+00   1.28e-02     6.08e-01      5.82e-01
1.20   1.15e+00   1.49e-02     6.28e-01      6.36e-01
1.70   9.14e-01   1.73e-02     6.09e-01      5.72e-01
2.20   5.71e-01   1.79e-02     5.84e-01      3.74e-01
2.70   4.06e-01   2.06e-02     3.46e-01      2.55e-01
3.34   2.75e-01   1.84e-02     1.72e-01      1.75e-01
4.38   1.91e-01   2.27e-02     7.72e-02      8.26e-02
5.70   1.53e-01   2.69e-02     5.67e-02      5.60e-02

3.0<p_{T}^{A}<4.0 GeV/c
pTB     Jaa     staterr     syserrhigh    syserrlow
0.63   1.06e+00   2.13e-02     3.70e-01      3.22e-01
1.20   6.82e-01   1.97e-02     3.28e-01      3.17e-01
1.70   5.67e-01   2.42e-02     3.55e-01      2.77e-01
2.20   2.78e-01   2.08e-02     1.66e-01      1.80e-01
2.70   2.51e-01   2.50e-02     1.37e-01      1.47e-01
3.34   1.94e-01   1.78e-02     6.06e-02      6.48e-02
4.38   1.77e-01   2.33e-02     3.34e-02      3.45e-02
5.70   2.12e-01   2.86e-02     2.89e-02      2.94e-02

4.0<p_{T}^{A}<5.0 GeV/c
pTB     Jaa     staterr     syserrhigh    syserrlow
0.63   6.66e-01   2.95e-02     2.47e-01      1.47e-01
1.20   3.90e-01   2.72e-02     1.72e-01      1.31e-01
1.70   3.31e-01   2.97e-02     1.33e-01      1.06e-01
2.20   1.83e-01   2.51e-02     7.48e-02      7.96e-02
2.71   1.33e-01   2.58e-02     5.26e-02      5.53e-02
3.35   1.95e-01   2.46e-02     3.66e-02      3.79e-02
4.39   2.52e-01   3.42e-02     2.64e-02      2.66e-02
5.72   1.44e-01   3.23e-02     2.88e-02      2.89e-02

5.0<p_{T}^{A}<10.0 GeV/c
pTB     Jaa     staterr     syserrhigh    syserrlow
0.63   6.03e-01   4.10e-02     1.59e-01      1.09e-01
1.20   2.38e-01   3.81e-02     9.54e-02      8.85e-02
1.70   1.21e-01   3.59e-02     8.95e-02      9.43e-02
2.20   9.24e-02   3.33e-02     6.03e-02      5.31e-02
2.71   1.96e-01   3.11e-02     5.02e-02      3.88e-02
3.36   2.19e-01   2.48e-02     2.95e-02      2.98e-02
4.40   1.89e-01   2.59e-02     2.57e-02      2.58e-02
5.77   2.32e-01   3.24e-02     2.32e-02      2.32e-02

40-60%
2.0<p_{T}^{A}<3.0 GeV/c
pTB     Jaa     staterr     syserrhigh    syserrlow
0.63   1.05e+00   1.21e-02     4.17e-01      3.55e-01
1.20   9.54e-01   1.47e-02     4.45e-01      3.80e-01
1.70   8.86e-01   1.84e-02     3.35e-01      3.29e-01
2.20   7.83e-01   2.17e-02     2.33e-01      2.38e-01
2.71   6.46e-01   2.62e-02     1.85e-01      1.79e-01
3.35   5.33e-01   2.45e-02     1.08e-01      1.05e-01
4.38   4.27e-01   3.18e-02     6.03e-02      6.37e-02
5.70   4.10e-01   4.02e-02     5.51e-02      5.73e-02

3.0<p_{T}^{A}<4.0 GeV/c
pTB     Jaa     staterr     syserrhigh    syserrlow
0.63   1.00e+00   2.26e-02     2.38e-01      2.14e-01
1.20   7.48e-01   2.27e-02     1.97e-01      2.00e-01
1.70   6.56e-01   2.84e-02     1.88e-01      1.76e-01
2.20   4.60e-01   2.68e-02     1.14e-01      1.02e-01
2.71   5.04e-01   3.52e-02     8.69e-02      9.27e-02
3.36   3.65e-01   2.50e-02     4.45e-02      4.62e-02
4.39   2.92e-01   3.35e-02     3.68e-02      3.75e-02
5.70   3.66e-01   4.63e-02     4.18e-02      3.43e-02

4.0<p_{T}^{A}<5.0 GeV/c
pTB     Jaa     staterr     syserrhigh    syserrlow
0.63   8.11e-01   3.66e-02     1.85e-01      1.35e-01
1.20   6.57e-01   3.68e-02     1.28e-01      1.31e-01
1.70   5.57e-01   4.03e-02     9.02e-02      9.58e-02
2.21   3.79e-01   3.54e-02     6.27e-02      6.59e-02
2.71   4.41e-01   4.38e-02     5.16e-02      5.32e-02
3.37   2.65e-01   3.41e-02     3.93e-02      4.00e-02
4.40   3.27e-01   4.76e-02     3.57e-02      3.43e-02
5.71   3.93e-01   7.38e-02     3.06e-02      3.06e-02

5.0<p_{T}^{A}<10.0 GeV/c
pTB     Jaa     staterr     syserrhigh    syserrlow
0.63   5.85e-01   4.89e-02     1.01e-01      1.06e-01
1.20   5.83e-01   4.67e-02     2.33e-01      7.92e-02
1.70   3.57e-01   4.40e-02     7.55e-02      7.85e-02
2.21   4.23e-01   4.35e-02     5.81e-02      5.94e-02
2.71   2.32e-01   3.95e-02     4.98e-02      5.02e-02
3.39   3.45e-01   3.65e-02     3.47e-02      3.49e-02
4.41   3.12e-01   4.26e-02     2.83e-02      2.83e-02
5.74   2.72e-01   5.05e-02     1.86e-02      1.86e-02

60-92%
2.0<p_{T}^{A}<3.0 GeV/c
pTB     Jaa     staterr     syserrhigh    syserrlow
0.63   8.86e-01   1.19e-02     2.04e-01      1.69e-01
1.20   8.92e-01   1.49e-02     1.91e-01      1.60e-01
1.70   8.75e-01   1.90e-02     1.40e-01      1.36e-01
2.21   8.77e-01   2.38e-02     8.92e-02      9.84e-02
2.71   7.92e-01   3.03e-02     8.16e-02      9.24e-02
3.36   6.73e-01   2.96e-02     6.10e-02      6.79e-02
4.39   5.78e-01   4.19e-02     5.64e-02      6.17e-02
5.70   7.36e-01   6.27e-02     4.76e-02      4.83e-02

3.0<p_{T}^{A}<4.0 GeV/c
pTB     Jaa     staterr     syserrhigh    syserrlow
0.63   8.53e-01   2.26e-02     1.58e-01      1.07e-01
1.20   8.57e-01   2.54e-02     1.44e-01      8.90e-02
1.71   7.98e-01   3.28e-02     8.98e-02      9.00e-02
2.21   6.38e-01   3.31e-02     6.25e-02      6.73e-02
2.71   6.53e-01   4.43e-02     5.87e-02      6.34e-02
3.38   6.17e-01   3.75e-02     3.44e-02      3.61e-02
4.40   5.92e-01   5.83e-02     3.71e-02      3.80e-02
5.73   7.67e-01   9.18e-02     4.34e-02      4.40e-02

4.0<p_{T}^{A}<5.0 GeV/c
pTB     Jaa     staterr     syserrhigh    syserrlow
0.63   7.49e-01   4.03e-02     2.01e-01      1.16e-01
1.20   6.60e-01   4.19e-02     8.72e-02      8.65e-02
1.71   5.85e-01   4.72e-02     7.63e-02      7.53e-02
2.21   5.21e-01   4.70e-02     5.99e-02      5.50e-02
2.71   5.36e-01   5.86e-02     5.74e-02      6.00e-02
3.39   6.23e-01   6.34e-02     4.15e-02      4.23e-02
4.42   5.17e-01   8.21e-02     4.04e-02      3.92e-02
5.74   7.89e-01   1.55e-01     3.83e-02      3.83e-02

5.0<p_{T}^{A}<10.0 GeV/c
pTB     Jaa     staterr     syserrhigh    syserrlow
0.63   7.00e-01   6.01e-02     1.19e-01      1.13e-01
1.21   7.81e-01   5.91e-02     1.08e-01      9.54e-02
1.71   5.66e-01   5.90e-02     7.16e-02      7.00e-02
2.22   6.55e-01   6.33e-02     6.08e-02      6.29e-02
2.72   5.25e-01   6.47e-02     5.51e-02      5.58e-02
3.38   6.57e-01   7.24e-02     4.53e-02      4.54e-02
4.41   6.30e-01   1.13e-01     4.45e-02      4.45e-02
5.79   5.65e-01   1.41e-01     6.68e-02      6.68e-02



Away-side region
0-20%
2.0<p_{T}^{A}<3.0 GeV/c
pTB     Jaa     staterr     syserrhigh    syserrlow
0.63   1.97e+00   1.82e-02     7.03e-01      1.90e-01
1.20   2.13e+00   2.47e-02     4.84e-01      2.07e-01
1.70   2.02e+00   3.22e-02     3.40e-01      1.99e-01
2.20   1.42e+00   3.08e-02     2.46e-01      1.48e-01
2.70   9.40e-01   3.32e-02     2.92e-01      1.03e-01
3.34   5.36e-01   2.53e-02     1.23e-01      6.11e-02
4.38   1.99e-01   3.07e-02     5.93e-02      5.59e-02
5.75   2.07e-01   4.11e-02     7.28e-02      6.91e-02

3.0<p_{T}^{A}<4.0 GeV/c
pTB     Jaa     staterr     syserrhigh    syserrlow
0.63   1.35e+00   2.67e-02     4.09e-01      6.12e-02
1.20   1.13e+00   2.81e-02     2.72e-01      9.31e-02
1.70   1.06e+00   3.80e-02     1.69e-01      1.13e-01
2.20   5.53e-01   2.98e-02     1.38e-01      7.68e-02
2.70   3.66e-01   3.24e-02     1.23e-01      5.68e-02
3.34   2.04e-01   2.19e-02     3.98e-02      4.04e-02
4.38   9.18e-02   2.78e-02     4.84e-02      4.86e-02
5.75   4.88e-02   3.14e-02     5.56e-02      5.57e-02

4.0<p_{T}^{A}<5.0 GeV/c
pTB     Jaa     staterr     syserrhigh    syserrlow
0.63   8.24e-01   3.38e-02     1.22e-01      5.98e-02
1.20   6.18e-01   3.72e-02     8.70e-02      8.23e-02
1.70   4.40e-01   3.64e-02     6.83e-02      6.13e-02
2.20   2.01e-01   3.14e-02     6.28e-02      5.34e-02
2.70   1.41e-01   3.68e-02     6.44e-02      6.47e-02
3.34   1.26e-01   2.76e-02     4.75e-02      4.77e-02
4.38   1.16e-01   2.93e-02     4.56e-02      4.56e-02
5.76   1.58e-01   3.79e-02     5.25e-02      5.26e-02

5.0<p_{T}^{A}<10.0 GeV/c
pTB     Jaa     staterr     syserrhigh    syserrlow
0.63   5.83e-01   3.99e-02     7.29e-02      7.06e-02
1.20   4.50e-01   4.27e-02     1.29e-01      7.56e-02
1.70   2.66e-01   4.32e-02     8.18e-02      8.22e-02
2.20   1.90e-01   4.05e-02     7.25e-02      7.27e-02
2.70   1.66e-01   3.59e-02     6.09e-02      6.10e-02
3.35   1.15e-01   2.67e-02     4.76e-02      4.76e-02
4.40   1.39e-01   2.64e-02     4.01e-02      4.01e-02
5.79   1.19e-01   2.54e-02     4.10e-02      4.10e-02

20-40%
2.0<p_{T}^{A}<3.0 GeV/c
pTB     Jaa     staterr     syserrhigh    syserrlow
0.63   2.03e+00   1.90e-02     6.42e-01      3.90e-01
1.20   2.17e+00   2.56e-02     5.66e-01      4.28e-01
1.70   2.01e+00   3.29e-02     6.46e-01      4.09e-01
2.20   1.38e+00   3.15e-02     7.91e-01      2.20e-01
2.70   1.06e+00   3.75e-02     4.30e-01      1.54e-01
3.34   6.41e-01   2.96e-02     1.47e-01      1.41e-01
4.38   4.09e-01   3.82e-02     8.61e-02      8.98e-02
5.70   3.10e-01   4.71e-02     8.72e-02      8.44e-02

3.0<p_{T}^{A}<4.0 GeV/c
pTB     Jaa     staterr     syserrhigh    syserrlow
0.63   1.58e+00   3.10e-02     4.17e-01      2.14e-01
1.20   1.29e+00   3.21e-02     3.26e-01      2.28e-01
1.70   1.29e+00   4.52e-02     4.79e-01      2.08e-01
2.20   6.82e-01   3.55e-02     1.39e-01      1.48e-01
2.70   5.20e-01   4.04e-02     1.37e-01      1.45e-01
3.34   3.54e-01   2.83e-02     7.05e-02      7.36e-02
4.38   2.41e-01   3.68e-02     5.89e-02      5.95e-02
5.70   3.01e-01   4.52e-02     6.30e-02      6.33e-02

4.0<p_{T}^{A}<5.0 GeV/c
pTB     Jaa     staterr     syserrhigh    syserrlow
0.63   1.00e+00   4.03e-02     3.26e-01      8.59e-02
1.20   8.30e-01   4.62e-02     1.93e-01      9.24e-02
1.70   6.26e-01   4.56e-02     1.49e-01      8.42e-02
2.20   3.58e-01   3.99e-02     8.37e-02      8.64e-02
2.71   2.97e-01   4.80e-02     8.57e-02      8.72e-02
3.35   2.95e-01   3.89e-02     6.41e-02      6.49e-02
4.39   3.15e-01   4.63e-02     5.64e-02      5.65e-02
5.72   1.19e-01   4.03e-02     6.71e-02      6.71e-02

5.0<p_{T}^{A}<10.0 GeV/c
pTB     Jaa     staterr     syserrhigh    syserrlow
0.63   9.13e-01   5.39e-02     2.24e-01      1.05e-01
1.20   5.67e-01   5.80e-02     1.15e-01      1.06e-01
1.70   1.63e-01   5.82e-02     1.32e-01      1.36e-01
2.20   1.57e-01   5.53e-02     1.06e-01      9.76e-02
2.71   2.65e-01   5.08e-02     1.08e-01      8.28e-02
3.36   2.55e-01   3.97e-02     6.61e-02      6.63e-02
4.40   2.06e-01   3.81e-02     6.31e-02      6.31e-02
5.77   2.55e-01   4.13e-02     5.86e-02      5.86e-02

40-60%
2.0<p_{T}^{A}<3.0 GeV/c
pTB     Jaa     staterr     syserrhigh    syserrlow
0.63   1.41e+00   1.57e-02     4.51e-01      2.39e-01
1.20   1.46e+00   2.08e-02     4.59e-01      2.57e-01
1.70   1.41e+00   2.76e-02     3.30e-01      2.37e-01
2.20   1.20e+00   3.09e-02     1.84e-01      1.73e-01
2.71   9.46e-01   3.83e-02     1.72e-01      1.50e-01
3.35   7.22e-01   3.42e-02     1.05e-01      9.42e-02
4.38   6.00e-01   4.83e-02     8.84e-02      9.06e-02
5.70   5.11e-01   6.12e-02     1.03e-01      1.04e-01

3.0<p_{T}^{A}<4.0 GeV/c
pTB     Jaa     staterr     syserrhigh    syserrlow
0.63   1.36e+00   3.01e-02     2.79e-01      1.54e-01
1.20   1.15e+00   3.26e-02     1.83e-01      1.50e-01
1.70   1.01e+00   4.29e-02     1.85e-01      1.47e-01
2.20   6.26e-01   3.85e-02     1.15e-01      9.05e-02
2.71   6.67e-01   4.96e-02     1.03e-01      1.07e-01
3.36   4.82e-01   3.58e-02     6.50e-02      6.56e-02
4.39   3.36e-01   4.78e-02     7.42e-02      7.45e-02
5.70   3.67e-01   5.97e-02     9.68e-02      8.01e-02

4.0<p_{T}^{A}<5.0 GeV/c
pTB     Jaa     staterr     syserrhigh    syserrlow
0.63   1.03e+00   4.57e-02     2.59e-01      1.15e-01
1.20   1.05e+00   5.75e-02     1.44e-01      1.42e-01
1.70   7.69e-01   5.60e-02     1.04e-01      1.07e-01
2.21   5.33e-01   5.19e-02     9.14e-02      9.32e-02
2.71   6.21e-01   6.96e-02     1.06e-01      1.07e-01
3.37   2.64e-01   4.70e-02     7.81e-02      7.84e-02
4.40   3.51e-01   5.82e-02     7.90e-02      7.60e-02
5.71   4.40e-01   8.55e-02     7.20e-02      7.20e-02

5.0<p_{T}^{A}<10.0 GeV/c
pTB     Jaa     staterr     syserrhigh    syserrlow
0.63   7.88e-01   6.37e-02     1.27e-01      1.27e-01
1.20   7.48e-01   6.89e-02     4.53e-01      1.21e-01
1.70   4.22e-01   6.95e-02     1.31e-01      1.33e-01
2.21   5.73e-01   6.92e-02     1.16e-01      1.16e-01
2.71   2.21e-01   6.11e-02     1.06e-01      1.06e-01
3.39   3.76e-01   5.34e-02     8.01e-02      8.01e-02
4.41   3.56e-01   5.58e-02     6.96e-02      6.96e-02
5.74   3.23e-01   6.90e-02     4.69e-02      4.69e-02

60-92%
2.0<p_{T}^{A}<3.0 GeV/c
pTB     Jaa     staterr     syserrhigh    syserrlow
0.63   9.91e-01   1.41e-02     2.66e-01      1.33e-01
1.20   1.05e+00   1.86e-02     2.36e-01      1.11e-01
1.70   1.04e+00   2.48e-02     1.28e-01      1.03e-01
2.21   9.74e-01   2.94e-02     8.08e-02      8.07e-02
2.71   8.62e-01   3.90e-02     9.06e-02      9.79e-02
3.36   6.68e-01   3.65e-02     7.59e-02      8.06e-02
4.39   5.94e-01   5.46e-02     9.29e-02      9.62e-02
5.70   9.19e-01   8.73e-02     1.07e-01      1.07e-01

3.0<p_{T}^{A}<4.0 GeV/c
pTB     Jaa     staterr     syserrhigh    syserrlow
0.63   9.67e-01   2.73e-02     2.30e-01      8.44e-02
1.20   1.02e+00   3.28e-02     2.12e-01      7.18e-02
1.71   9.09e-01   4.35e-02     1.01e-01      9.19e-02
2.21   6.73e-01   4.27e-02     8.18e-02      8.34e-02
2.71   6.41e-01   5.40e-02     8.98e-02      9.24e-02
3.38   6.10e-01   4.38e-02     6.17e-02      6.26e-02
4.40   6.03e-01   6.71e-02     7.80e-02      7.85e-02
5.73   7.35e-01   9.64e-02     1.01e-01      1.02e-01

4.0<p_{T}^{A}<5.0 GeV/c
pTB     Jaa     staterr     syserrhigh    syserrlow
0.63   7.69e-01   4.63e-02     3.01e-01      1.06e-01
1.20   7.83e-01   5.78e-02     1.13e-01      9.90e-02
1.71   6.71e-01   6.09e-02     1.04e-01      9.83e-02
2.21   5.18e-01   5.91e-02     9.72e-02      9.09e-02
2.71   6.25e-01   8.36e-02     1.23e-01      1.24e-01
3.39   6.32e-01   7.19e-02     8.62e-02      8.66e-02
4.42   5.36e-01   9.05e-02     8.91e-02      8.61e-02
5.74   6.79e-01   1.37e-01     8.98e-02      8.98e-02

5.0<p_{T}^{A}<10.0 GeV/c
pTB     Jaa     staterr     syserrhigh    syserrlow
0.63   8.88e-01   7.67e-02     1.78e-01      1.44e-01
1.21   8.99e-01   8.20e-02     1.89e-01      1.44e-01
1.71   6.93e-01   8.77e-02     1.40e-01      1.36e-01
2.22   7.50e-01   8.77e-02     1.26e-01      1.27e-01
2.72   6.13e-01   8.21e-02     1.19e-01      1.20e-01
3.38   5.90e-01   7.75e-02     1.06e-01      1.06e-01
4.41   5.59e-01   1.22e-01     1.10e-01      1.10e-01
5.79   4.36e-01   1.27e-01     1.69e-01      1.69e-01

