2<p_T^A<3 GeV/c
pTB  width  err
3.4    0.244   0.005
4.4    0.225   0.007
0.6    0.472   0.006
1.3    0.364   0.003
2.4    0.281   0.003
6.3    0.208   0.003
pTB  width staterr   syserrhigh  syserrlow
3.3    0.365    0.012     0.022      0.016
4.4    0.274    0.012     0.011      0.022
0.6    0.415    0.002     0.022      0.041
1.4    0.432    0.001     0.024      0.028
2.3    0.410    0.002     0.043      0.019
6.7    0.224    0.015     0.007      0.028

3<p_T^A<4 GeV/c
pTB  width  err
3.4    0.199   0.007
4.4    0.201   0.010
0.6    0.430   0.012
1.4    0.314   0.005
2.4    0.244   0.005
6.3    0.165   0.003
pTB  width staterr   syserrhigh  syserrlow
3.3    0.286    0.010     0.005      0.035
4.4    0.223    0.010     0.012      0.027
0.6    0.383    0.015     0.006      0.033
1.4    0.409    0.004     0.028      0.039
2.3    0.365    0.012     0.022      0.016
6.6    0.198    0.012     0.008      0.023

4<p_T^A<5 GeV/c
pTB  width  err
3.4    0.201   0.010
4.4    0.148   0.011
0.6    0.402   0.018
1.4    0.299   0.008
2.4    0.225   0.007
6.4    0.155   0.005
pTB  width staterr   syserrhigh  syserrlow
3.3    0.223    0.010     0.012      0.027
4.4    0.179    0.009     0.002      0.013
0.6    0.394    0.037     0.036      0.027
1.4    0.340    0.017     0.036      0.040
2.3    0.274    0.012     0.011      0.022
6.6    0.155    0.009     0.007      0.014

5<p_T^A<10 GeV/c
pTB  width  err
3.4    0.165   0.003
4.4    0.155   0.005
0.7    0.385   0.008
1.4    0.281   0.003
2.4    0.208   0.003
6.4    0.130   0.004
pTB  width staterr   syserrhigh  syserrlow
3.3    0.198    0.012     0.008      0.023
4.4    0.155    0.009     0.007      0.014
0.6    0.308    0.059     0.016      0.036
1.4    0.303    0.029     0.031      0.040
2.3    0.224    0.015     0.007      0.028
6.6    0.135    0.008     0.000      0.000
