60 - 92 %
2-3 #otimes 0.4-1 GeV/c
Deltaphi  dN/dDeltaphi  stat.   V2_upper(red)  V2_lower (blue)
    -1.42     -5.92e-05     0.00176      0.00126     -0.000687
    -1.13     0.00336     0.00167      -0.000686     0.0011
    -0.83     0.015     0.00144      -0.00419     0.00427
    -0.54     0.0498     0.00126      -0.00827     0.00789
    -0.29     0.0931     0.00149      -0.011     0.0103
    -0.15     0.103     0.0021      -0.012     0.0112
    -0.05     0.108     0.0021      -0.0124     0.0115
    0.05     0.104     0.00208      -0.0124     0.0115
    0.15     0.104     0.00208      -0.012     0.0112
    0.29     0.0927     0.00146      -0.011     0.0103
    0.54     0.0516     0.00123      -0.00827     0.00789
    0.83     0.0129     0.0014      -0.00419     0.00427
    1.13     0.00267     0.00161      -0.000686     0.0011
    1.42     0.00528     0.00173      0.00126     -0.000687
    1.77     0.015     0.00157      0.00107     -0.000507
    2.16     0.0343     0.00134      -0.00229     0.00256
    2.45     0.0495     0.00172      -0.00625     0.0061
    2.65     0.0527     0.00164      -0.00891     0.00845
    2.85     0.0589     0.00157      -0.011     0.0103
    3.04     0.0594     0.00152      -0.0122     0.0114
    3.24     0.0579     0.0015      -0.0122     0.0114
    3.44     0.0596     0.00155      -0.011     0.0103
    3.63     0.0543     0.00162      -0.00891     0.00845
    3.83     0.0455     0.00168      -0.00625     0.0061
    4.12     0.0344     0.0013      -0.00229     0.00256
    4.52     0.0147     0.00153      0.00107     -0.000507
2-3 #otimes 1-2 GeV/c
Deltaphi  dN/dDeltaphi  stat.   V2_upper(red)  V2_lower (blue)
    -1.42     0.00169     0.000974      0.00101     -0.000725
    -1.13     -0.00109     0.000815      0.000212     3.23e-05
    -0.83     0.00544     0.000685      -0.00136     0.00147
    -0.54     0.0234     0.000605      -0.00336     0.00322
    -0.29     0.0546     0.000703      -0.0048     0.00446
    -0.15     0.0732     0.000974      -0.00533     0.00492
    -0.05     0.0764     0.000973      -0.0055     0.00506
    0.05     0.0752     0.000972      -0.0055     0.00506
    0.15     0.0706     0.000967      -0.00533     0.00492
    0.29     0.0545     0.000692      -0.0048     0.00446
    0.54     0.0251     0.000589      -0.00336     0.00322
    0.83     0.00528     0.000647      -0.00136     0.00147
    1.13     -2.27e-05     0.000778      0.000212     3.23e-05
    1.42     0.00158     0.000966      0.00101     -0.000725
    1.77     0.00905     0.000819      0.000936     -0.000651
    2.16     0.0175     0.000648      -0.000488     0.000678
    2.45     0.0234     0.000793      -0.00235     0.00234
    2.65     0.026     0.000746      -0.00368     0.00351
    2.85     0.029     0.000723      -0.0048     0.00446
    3.04     0.0306     0.000715      -0.00544     0.00501
    3.24     0.0306     0.000713      -0.00544     0.00501
    3.44     0.0284     0.000716      -0.0048     0.00446
    3.63     0.0268     0.00074      -0.00368     0.00351
    3.83     0.0236     0.000778      -0.00235     0.00234
    4.12     0.0185     0.000631      -0.000488     0.000678
    4.52     0.00952     0.000795      0.000936     -0.000651
2-3 #otimes 2-3 GeV/c
Deltaphi  dN/dDeltaphi  stat.   V2_upper(red)  V2_lower (blue)
    -1.42     0.00049     0.000278      0.000201     -0.000104
    -1.13     -0.000333     0.000221      0.000126     -2.96e-05
    -0.83     0.000292     0.000187      -3.14e-05     0.000117
    -0.54     0.003     0.000171      -0.000241     0.000303
    -0.29     0.00966     0.000209      -0.000397     0.000437
    -0.15     0.015     0.000304      -0.000455     0.000486
    -0.05     0.0164     0.000303      -0.000474     0.000502
    0.05     0.0164     0.000303      -0.000474     0.000502
    0.15     0.0147     0.000303      -0.000455     0.000486
    0.29     0.00974     0.000207      -0.000397     0.000437
    0.54     0.00304     0.000165      -0.000241     0.000303
    0.83     0.000393     0.000176      -3.14e-05     0.000117
    1.13     -0.00034     0.00021      0.000126     -2.96e-05
    1.42     0.000199     0.000276      0.000201     -0.000104
    1.77     0.00122     0.000228      0.000194     -9.68e-05
    2.16     0.00236     0.000181      5.69e-05     3.55e-05
    2.45     0.00282     0.00022      -0.000134     0.000208
    2.65     0.00404     0.00021      -0.000276     0.000333
    2.85     0.00483     0.000206      -0.000397     0.000437
    3.04     0.00517     0.000206      -0.000467     0.000496
    3.24     0.00532     0.000206      -0.000467     0.000496
    3.44     0.00474     0.000205      -0.000397     0.000437
    3.63     0.00393     0.000207      -0.000276     0.000333
    3.83     0.00293     0.000218      -0.000134     0.000208
    4.12     0.00231     0.000177      5.69e-05     3.55e-05
    4.52     0.00113     0.000223      0.000194     -9.68e-05
2-3 #otimes 3-4 GeV/c
Deltaphi  dN/dDeltaphi  stat.   V2_upper(red)  V2_lower (blue)
    -1.42     -7.42e-05     0.000101      -7.07e-07     6.91e-07
    -1.13     -9.58e-06     7.99e-05      -1.13e-05     1.08e-05
    -0.83     7.3e-05     6.82e-05      -3.35e-05     3.06e-05
    -0.54     0.000487     6.47e-05      -6.31e-05     5.59e-05
    -0.29     0.00183     8.35e-05      -8.51e-05     7.42e-05
    -0.15     0.0036     0.000132      -9.33e-05     8.09e-05
    -0.05     0.00392     0.000131      -9.59e-05     8.3e-05
    0.05     0.00432     0.000134      -9.59e-05     8.3e-05
    0.15     0.0034     0.000129      -9.33e-05     8.09e-05
    0.29     0.00194     8.48e-05      -8.51e-05     7.42e-05
    0.54     0.000443     6.43e-05      -6.31e-05     5.59e-05
    0.83     -1.3e-05     6.69e-05      -3.35e-05     3.06e-05
    1.13     -4.26e-05     7.94e-05      -1.13e-05     1.08e-05
    1.42     9.22e-05     0.000104      -7.07e-07     6.91e-07
    1.77     0.000142     8.18e-05      -1.7e-06     1.66e-06
    2.16     0.000225     6.52e-05      -2.1e-05     1.96e-05
    2.45     0.000392     8.3e-05      -4.8e-05     4.31e-05
    2.65     0.000853     8.27e-05      -6.8e-05     6e-05
    2.85     0.000804     7.95e-05      -8.51e-05     7.42e-05
    3.04     0.00119     8.26e-05      -9.49e-05     8.22e-05
    3.24     0.00108     8.17e-05      -9.49e-05     8.22e-05
    3.44     0.000825     7.99e-05      -8.51e-05     7.42e-05
    3.63     0.000756     8.18e-05      -6.8e-05     6e-05
    3.83     0.000495     8.43e-05      -4.8e-05     4.31e-05
    4.12     0.000363     6.7e-05      -2.1e-05     1.96e-05
    4.52     7.82e-05     8.13e-05      -1.7e-06     1.66e-06
2-3 #otimes 4-5 GeV/c
Deltaphi  dN/dDeltaphi  stat.   V2_upper(red)  V2_lower (blue)
    -1.42     -3.85e-05     4.04e-05      -1.57e-07     1.58e-07
    -1.13     1.17e-05     3.36e-05      -2.59e-06     2.49e-06
    -0.83     2.02e-05     2.86e-05      -7.89e-06     7.17e-06
    -0.54     0.000101     2.73e-05      -1.52e-05     1.32e-05
    -0.29     0.00042     3.69e-05      -2.08e-05     1.77e-05
    -0.15     0.00102     6.4e-05      -2.29e-05     1.93e-05
    -0.05     0.00118     6.48e-05      -2.36e-05     1.98e-05
    0.05     0.00114     6.36e-05      -2.36e-05     1.98e-05
    0.15     0.000959     6.16e-05      -2.29e-05     1.93e-05
    0.29     0.000493     3.82e-05      -2.08e-05     1.77e-05
    0.54     5.32e-05     2.61e-05      -1.52e-05     1.32e-05
    0.83     2.24e-05     2.84e-05      -7.89e-06     7.17e-06
    1.13     2.67e-05     3.38e-05      -2.59e-06     2.49e-06
    1.42     -2.23e-05     4.07e-05      -1.57e-07     1.58e-07
    1.77     -9.6e-06     3.29e-05      -3.8e-07     3.8e-07
    2.16     5.69e-05     2.73e-05      -4.88e-06     4.56e-06
    2.45     0.000126     3.61e-05      -1.15e-05     1.02e-05
    2.65     0.000163     3.49e-05      -1.65e-05     1.42e-05
    2.85     0.000256     3.61e-05      -2.08e-05     1.77e-05
    3.04     0.000289     3.6e-05      -2.33e-05     1.97e-05
    3.24     0.000329     3.74e-05      -2.33e-05     1.97e-05
    3.44     0.000244     3.57e-05      -2.08e-05     1.77e-05
    3.63     0.000166     3.44e-05      -1.65e-05     1.42e-05
    3.83     0.000103     3.54e-05      -1.15e-05     1.02e-05
    4.12     8.76e-05     2.82e-05      -4.88e-06     4.56e-06
    4.52     1.05e-05     3.33e-05      -3.8e-07     3.8e-07
2-3 #otimes 5-10 GeV/c
Deltaphi  dN/dDeltaphi  stat.   V2_upper(red)  V2_lower (blue)
    -1.42     -9.01e-06     3.47e-05      7.57e-06     -4.76e-06
    -1.13     2.32e-05     2.93e-05      5.94e-06     -3.08e-06
    -0.83     -1.6e-05     2.29e-05      2.38e-06     2.06e-07
    -0.54     3.09e-05     2.17e-05      -2.53e-06     4.36e-06
    -0.29     0.000263     3.05e-05      -6.24e-06     7.34e-06
    -0.15     0.000688     5.49e-05      -7.64e-06     8.45e-06
    -0.05     0.000783     5.52e-05      -8.08e-06     8.79e-06
    0.05     0.000796     5.5e-05      -8.08e-06     8.79e-06
    0.15     0.000597     5.1e-05      -7.64e-06     8.45e-06
    0.29     0.000302     3.11e-05      -6.24e-06     7.34e-06
    0.54     1.71e-05     2.03e-05      -2.53e-06     4.36e-06
    0.83     1.53e-05     2.26e-05      2.38e-06     2.06e-07
    1.13     2.61e-06     2.6e-05      5.94e-06     -3.08e-06
    1.42     -5.65e-06     3.33e-05      7.57e-06     -4.76e-06
    1.77     -1.35e-06     2.71e-05      7.42e-06     -4.6e-06
    2.16     6.17e-05     2.34e-05      4.4e-06     -1.61e-06
    2.45     0.000123     3.17e-05      -1.24e-10     2.26e-06
    2.65     0.000139     3.02e-05      -3.35e-06     5.03e-06
    2.85     0.000237     3.19e-05      -6.24e-06     7.34e-06
    3.04     0.00022     3.12e-05      -7.91e-06     8.66e-06
    3.24     0.000267     3.28e-05      -7.91e-06     8.66e-06
    3.44     0.000186     3.07e-05      -6.24e-06     7.34e-06
    3.63     0.000141     2.99e-05      -3.35e-06     5.03e-06
    3.83     6.21e-05     2.84e-05      1.26e-10     2.26e-06
    4.12     8.61e-05     2.41e-05      4.4e-06     -1.61e-06
    4.52     2.5e-05     2.79e-05      7.42e-06     -4.6e-06
3-4 #otimes 0.4-1 GeV/c
Deltaphi  dN/dDeltaphi  stat.   V2_upper(red)  V2_lower (blue)
    -1.42     0.0115     0.00503      0.00258     -0.00236
    -1.13     -0.000812     0.00477      0.000522     -0.000474
    -0.83     0.0144     0.00411      -0.00318     0.00286
    -0.54     0.0575     0.00358      -0.0075     0.00668
    -0.29     0.118     0.00429      -0.0104     0.00924
    -0.15     0.134     0.00607      -0.0115     0.0102
    -0.05     0.13     0.00603      -0.0118     0.0104
    0.05     0.13     0.00599      -0.0118     0.0104
    0.15     0.129     0.00597      -0.0115     0.0102
    0.29     0.115     0.00419      -0.0104     0.00924
    0.54     0.0511     0.00349      -0.0075     0.00668
    0.83     0.0147     0.00401      -0.00318     0.00286
    1.13     -0.000741     0.0046      0.000522     -0.000474
    1.42     -0.00262     0.0049      0.00258     -0.00236
    1.77     0.0226     0.00453      0.00237     -0.00217
    2.16     0.0432     0.00385      -0.00117     0.00106
    2.45     0.0647     0.00493      -0.00536     0.00479
    2.65     0.0859     0.00475      -0.00818     0.00727
    2.85     0.0911     0.00455      -0.0104     0.00924
    3.04     0.0868     0.00436      -0.0117     0.0103
    3.24     0.0872     0.00433      -0.0117     0.0103
    3.44     0.0842     0.00446      -0.0104     0.00924
    3.63     0.0717     0.00463      -0.00818     0.00727
    3.83     0.0679     0.00483      -0.00536     0.00479
    4.12     0.0501     0.00373      -0.00117     0.00106
    4.52     0.0278     0.00438      0.00237     -0.00217
3-4 #otimes 1-2 GeV/c
Deltaphi  dN/dDeltaphi  stat.   V2_upper(red)  V2_lower (blue)
    -1.42     0.00366     0.0028      0.00148     -0.00101
    -1.13     -0.000843     0.00232      0.000642     -0.000208
    -0.83     0.00116     0.00195      -0.00102     0.00131
    -0.54     0.0282     0.00174      -0.00314     0.00317
    -0.29     0.082     0.00208      -0.00468     0.00449
    -0.15     0.112     0.00292      -0.00525     0.00497
    -0.05     0.128     0.00296      -0.00542     0.00512
    0.05     0.127     0.00297      -0.00542     0.00512
    0.15     0.12     0.00295      -0.00525     0.00497
    0.29     0.0807     0.00204      -0.00468     0.00449
    0.54     0.0299     0.0017      -0.00314     0.00317
    0.83     0.00403     0.00185      -0.00102     0.00131
    1.13     -0.00227     0.00221      0.000642     -0.000208
    1.42     0.00274     0.00278      0.00148     -0.00101
    1.77     0.0129     0.00238      0.0014     -0.00093
    2.16     0.0227     0.00187      -9.63e-05     0.000474
    2.45     0.0385     0.00232      -0.00207     0.00224
    2.65     0.0425     0.00219      -0.00349     0.00347
    2.85     0.0466     0.00212      -0.00468     0.00449
    3.04     0.0545     0.00211      -0.00536     0.00507
    3.24     0.0511     0.0021      -0.00536     0.00507
    3.44     0.0473     0.00209      -0.00468     0.00449
    3.63     0.0392     0.00216      -0.00349     0.00347
    3.83     0.0346     0.00224      -0.00207     0.00224
    4.12     0.026     0.00183      -9.63e-05     0.000474
    4.52     0.0132     0.00229      0.0014     -0.00093
3-4 #otimes 2-3 GeV/c
Deltaphi  dN/dDeltaphi  stat.   V2_upper(red)  V2_lower (blue)
    -1.42     0.000632     0.00082      2.33e-05     5.74e-06
    -1.13     -0.000669     0.000638      -6.44e-05     8.95e-05
    -0.83     -0.000339     0.000535      -0.000247     0.000254
    -0.54     0.00379     0.000506      -0.000492     0.000465
    -0.29     0.016     0.000658      -0.000673     0.000616
    -0.15     0.0286     0.00102      -0.000741     0.000672
    -0.05     0.0358     0.00106      -0.000762     0.00069
    0.05     0.0325     0.00103      -0.000762     0.00069
    0.15     0.0298     0.00104      -0.000741     0.000672
    0.29     0.0155     0.000647      -0.000673     0.000616
    0.54     0.00387     0.000489      -0.000492     0.000465
    0.83     0.000509     0.000513      -0.000247     0.000254
    1.13     -0.000168     0.000616      -6.44e-05     8.95e-05
    1.42     -0.000706     0.000796      2.33e-05     5.74e-06
    1.77     0.000777     0.000664      1.51e-05     1.38e-05
    2.16     0.003     0.000534      -0.000144     0.000163
    2.45     0.00457     0.000664      -0.000367     0.000358
    2.65     0.00633     0.000634      -0.000532     0.000499
    2.85     0.00703     0.00062      -0.000673     0.000616
    3.04     0.00875     0.000634      -0.000754     0.000683
    3.24     0.0105     0.000649      -0.000754     0.000683
    3.44     0.00683     0.000616      -0.000673     0.000616
    3.63     0.00659     0.000631      -0.000532     0.000499
    3.83     0.0034     0.000639      -0.000367     0.000358
    4.12     0.00192     0.00051      -0.000144     0.000163
    4.52     0.00155     0.000657      1.51e-05     1.38e-05
3-4 #otimes 3-4 GeV/c
Deltaphi  dN/dDeltaphi  stat.   V2_upper(red)  V2_lower (blue)
    -1.42     0.000257     0.000302      -7.07e-07     6.93e-07
    -1.13     -6.7e-05     0.00022      -1.14e-05     1.08e-05
    -0.83     5.08e-05     0.000189      -3.38e-05     3.08e-05
    -0.54     0.000802     0.000189      -6.4e-05     5.64e-05
    -0.29     0.00413     0.00029      -8.64e-05     7.49e-05
    -0.15     0.00816     0.00049      -9.49e-05     8.17e-05
    -0.05     0.012     0.000548      -9.75e-05     8.38e-05
    0.05     0.0119     0.000546      -9.75e-05     8.38e-05
    0.15     0.0083     0.000505      -9.49e-05     8.17e-05
    0.29     0.00405     0.000289      -8.64e-05     7.49e-05
    0.54     0.000867     0.000192      -6.4e-05     5.64e-05
    0.83     8.7e-05     0.00019      -3.38e-05     3.08e-05
    1.13     -0.000124     0.000217      -1.14e-05     1.08e-05
    1.42     0.00023     0.000299      -7.07e-07     6.93e-07
    1.77     0.000259     0.000235      -1.71e-06     1.67e-06
    2.16     0.000662     0.000196      -2.12e-05     1.97e-05
    2.45     0.000974     0.000253      -4.85e-05     4.34e-05
    2.65     0.00162     0.000254      -6.9e-05     6.06e-05
    2.85     0.00254     0.000273      -8.64e-05     7.49e-05
    3.04     0.00288     0.000275      -9.65e-05     8.3e-05
    3.24     0.00296     0.000278      -9.65e-05     8.3e-05
    3.44     0.00251     0.000273      -8.64e-05     7.49e-05
    3.63     0.00159     0.000255      -6.9e-05     6.06e-05
    3.83     0.00106     0.000258      -4.85e-05     4.34e-05
    4.12     0.000541     0.000192      -2.12e-05     1.97e-05
    4.52     0.000218     0.000233      -1.71e-06     1.67e-06
3-4 #otimes 4-5 GeV/c
Deltaphi  dN/dDeltaphi  stat.   V2_upper(red)  V2_lower (blue)
    -1.42     -0.000172     8.79e-05      -1.46e-07     1.47e-07
    -1.13     0.000171     0.000104      -2.42e-06     2.32e-06
    -0.83     1.43e-05     7.59e-05      -7.42e-06     6.71e-06
    -0.54     0.000245     8.59e-05      -1.44e-05     1.24e-05
    -0.29     0.00117     0.000139      -1.97e-05     1.66e-05
    -0.15     0.00325     0.000287      -2.17e-05     1.82e-05
    -0.05     0.00397     0.0003      -2.23e-05     1.86e-05
    0.05     0.00412     0.000304      -2.23e-05     1.86e-05
    0.15     0.00338     0.000291      -2.17e-05     1.82e-05
    0.29     0.00112     0.000139      -1.97e-05     1.66e-05
    0.54     0.000286     8.64e-05      -1.44e-05     1.24e-05
    0.83     0.000154     8.68e-05      -7.42e-06     6.71e-06
    1.13     -3.41e-05     8.45e-05      -2.42e-06     2.32e-06
    1.42     0.000183     0.000139      -1.46e-07     1.47e-07
    1.77     4.39e-05     9.53e-05      -3.53e-07     3.54e-07
    2.16     0.000116     8.05e-05      -4.57e-06     4.26e-06
    2.45     0.000456     0.000124      -1.08e-05     9.52e-06
    2.65     0.000625     0.000126      -1.56e-05     1.34e-05
    2.85     0.00078     0.00013      -1.97e-05     1.66e-05
    3.04     0.00109     0.000144      -2.21e-05     1.85e-05
    3.24     0.000942     0.000136      -2.21e-05     1.85e-05
    3.44     0.000423     0.000107      -1.97e-05     1.66e-05
    3.63     0.000501     0.000118      -1.56e-05     1.34e-05
    3.83     0.000417     0.000121      -1.08e-05     9.52e-06
    4.12     8.52e-05     7.57e-05      -4.57e-06     4.26e-06
    4.52     -5.06e-05     8.3e-05      -3.53e-07     3.54e-07
3-4 #otimes 5-10 GeV/c
Deltaphi  dN/dDeltaphi  stat.   V2_upper(red)  V2_lower (blue)
    -1.42     -1.26e-05     9.57e-05      -1.17e-07     1.17e-07
    -1.13     -3.84e-05     7.08e-05      -1.91e-06     1.82e-06
    -0.83     -4.71e-05     5.81e-05      -5.79e-06     5.14e-06
    -0.54     9.44e-05     6.63e-05      -1.11e-05     9.34e-06
    -0.29     0.000818     0.000125      -1.52e-05     1.24e-05
    -0.15     0.0022     0.000249      -1.67e-05     1.35e-05
    -0.05     0.00239     0.000259      -1.71e-05     1.38e-05
    0.05     0.00353     0.000306      -1.71e-05     1.38e-05
    0.15     0.00215     0.000246      -1.67e-05     1.35e-05
    0.29     0.000637     0.00011      -1.52e-05     1.24e-05
    0.54     0.00018     7.01e-05      -1.11e-05     9.34e-06
    0.83     3.45e-05     6.43e-05      -5.79e-06     5.14e-06
    1.13     0.000283     0.000107      -1.91e-06     1.82e-06
    1.42     2.42e-05     9.7e-05      -1.17e-07     1.17e-07
    1.77     9.66e-06     7.66e-05      -2.82e-07     2.81e-07
    2.16     6.31e-05     6.64e-05      -3.59e-06     3.3e-06
    2.45     0.000194     9.85e-05      -8.38e-06     7.21e-06
    2.65     0.00057     0.000119      -1.2e-05     1e-05
    2.85     0.000663     0.000121      -1.52e-05     1.24e-05
    3.04     0.00125     0.000153      -1.7e-05     1.37e-05
    3.24     0.0012     0.00015      -1.7e-05     1.37e-05
    3.44     0.000499     0.000111      -1.52e-05     1.24e-05
    3.63     0.000408     0.000105      -1.2e-05     1e-05
    3.83     0.000329     0.000108      -8.38e-06     7.21e-06
    4.12     2.92e-05     6.21e-05      -3.59e-06     3.3e-06
    4.52     -1.59e-05     7.21e-05      -2.82e-07     2.81e-07
4-5 #otimes 0.4-1 GeV/c
Deltaphi  dN/dDeltaphi  stat.   V2_upper(red)  V2_lower (blue)
    -1.42     0.0326     0.0125      0.0035     -0.00238
    -1.13     0.00856     0.0118      0.000713     0.000161
    -0.83     0.0186     0.0101      -0.00438     0.00469
    -0.54     0.0517     0.00883      -0.0104     0.00992
    -0.29     0.123     0.0107      -0.0146     0.0134
    -0.15     0.128     0.015      -0.0161     0.0147
    -0.05     0.132     0.015      -0.0165     0.0151
    0.05     0.148     0.015      -0.0165     0.0151
    0.15     0.132     0.0149      -0.0161     0.0147
    0.29     0.127     0.0106      -0.0146     0.0134
    0.54     0.0466     0.00881      -0.0104     0.00992
    0.83     0.00656     0.0101      -0.00438     0.00469
    1.13     0.02     0.0118      0.000713     0.000161
    1.42     0.038     0.0127      0.0035     -0.00238
    1.77     0.0202     0.0113      0.00322     -0.00212
    2.16     0.0448     0.00961      -0.00161     0.00224
    2.45     0.0701     0.0124      -0.00741     0.00733
    2.65     0.0794     0.0118      -0.0114     0.0107
    2.85     0.102     0.0114      -0.0146     0.0134
    3.04     0.112     0.0111      -0.0164     0.015
    3.24     0.11     0.011      -0.0164     0.015
    3.44     0.1     0.0113      -0.0146     0.0134
    3.63     0.0956     0.0117      -0.0114     0.0107
    3.83     0.0844     0.0122      -0.00741     0.00733
    4.12     0.0674     0.00944      -0.00161     0.00224
    4.52     -0.0014     0.0107      0.00322     -0.00212
4-5 #otimes 1-2 GeV/c
Deltaphi  dN/dDeltaphi  stat.   V2_upper(red)  V2_lower (blue)
    -1.42     0.00477     0.00695      0.000983     -0.000407
    -1.13     0.00179     0.00572      -0.000159     0.000679
    -0.83     0.0075     0.00484      -0.00249     0.00277
    -0.54     0.0265     0.00428      -0.00556     0.00538
    -0.29     0.0928     0.00524      -0.00781     0.00724
    -0.15     0.164     0.00776      -0.00865     0.00792
    -0.05     0.16     0.0077      -0.00891     0.00813
    0.05     0.157     0.00772      -0.00891     0.00813
    0.15     0.16     0.0078      -0.00865     0.00792
    0.29     0.097     0.00526      -0.00781     0.00724
    0.54     0.028     0.0043      -0.00556     0.00538
    0.83     -0.000877     0.00469      -0.00249     0.00277
    1.13     0.00019     0.00572      -0.000159     0.000679
    1.42     0.0064     0.00718      0.000983     -0.000407
    1.77     0.018     0.00598      0.000875     -0.000302
    2.16     0.0291     0.00469      -0.00119     0.00162
    2.45     0.0377     0.0058      -0.00399     0.00406
    2.65     0.0513     0.00561      -0.00606     0.0058
    2.85     0.0522     0.00541      -0.00781     0.00724
    3.04     0.0653     0.00544      -0.00882     0.00805
    3.24     0.0664     0.00543      -0.00882     0.00805
    3.44     0.0641     0.00541      -0.00781     0.00724
    3.63     0.0448     0.00553      -0.00606     0.0058
    3.83     0.0357     0.00567      -0.00399     0.00406
    4.12     0.0256     0.00459      -0.00119     0.00162
    4.52     0.012     0.00572      0.000875     -0.000302
4-5 #otimes 2-3 GeV/c
Deltaphi  dN/dDeltaphi  stat.   V2_upper(red)  V2_lower (blue)
    -1.42     0.000333     0.00203      8.3e-05     7.56e-06
    -1.13     0.00147     0.00164      -3.12e-05     0.000119
    -0.83     0.000746     0.00136      -0.000281     0.000344
    -0.54     0.00203     0.0012      -0.000629     0.000636
    -0.29     0.0228     0.00178      -0.000892     0.000848
    -0.15     0.0463     0.00295      -0.000992     0.000928
    -0.05     0.0558     0.00308      -0.00102     0.000952
    0.05     0.055     0.00306      -0.00102     0.000952
    0.15     0.0466     0.00299      -0.000992     0.000928
    0.29     0.0207     0.00176      -0.000892     0.000848
    0.54     0.00349     0.00124      -0.000629     0.000636
    0.83     0.000141     0.00131      -0.000281     0.000344
    1.13     -0.00073     0.00159      -3.12e-05     0.000119
    1.42     -0.000704     0.00202      8.3e-05     7.56e-06
    1.77     0.00167     0.00169      7.26e-05     1.82e-05
    2.16     0.00442     0.00136      -0.000139     0.000219
    2.45     0.00634     0.00172      -0.000449     0.000487
    2.65     0.00907     0.00169      -0.000687     0.000684
    2.85     0.0108     0.00167      -0.000892     0.000848
    3.04     0.0152     0.00175      -0.00101     0.000943
    3.24     0.015     0.00174      -0.00101     0.000943
    3.44     0.0125     0.0017      -0.000892     0.000848
    3.63     0.00678     0.0016      -0.000687     0.000684
    3.83     0.00572     0.00169      -0.000449     0.000487
    4.12     0.00245     0.00131      -0.000139     0.000219
    4.52     -0.00178     0.00153      7.26e-05     1.82e-05
4-5 #otimes 3-4 GeV/c
Deltaphi  dN/dDeltaphi  stat.   V2_upper(red)  V2_lower (blue)
    -1.42     0.000863     0.00079      -8.24e-07     8.3e-07
    -1.13     -0.000195     0.000513      -1.36e-05     1.31e-05
    -0.83     0.00084     0.000515      -4.19e-05     3.79e-05
    -0.54     0.00143     0.000496      -8.13e-05     7.02e-05
    -0.29     0.00642     0.000811      -0.000111     9.38e-05
    -0.15     0.0213     0.00187      -0.000123     0.000103
    -0.05     0.0238     0.00191      -0.000126     0.000105
    0.05     0.0231     0.00182      -0.000126     0.000105
    0.15     0.0183     0.00172      -0.000123     0.000103
    0.29     0.00661     0.00083      -0.000111     9.38e-05
    0.54     0.00154     0.000516      -8.13e-05     7.02e-05
    0.83     0.000259     0.000478      -4.19e-05     3.79e-05
    1.13     0.00102     0.000667      -1.36e-05     1.31e-05
    1.42     -0.00122     0.000471      -8.24e-07     8.3e-07
    1.77     -0.000215     0.000511      -1.99e-06     2e-06
    2.16     0.000454     0.000453      -2.58e-05     2.41e-05
    2.45     0.00242     0.000732      -6.1e-05     5.38e-05
    2.65     0.00287     0.000726      -8.8e-05     7.55e-05
    2.85     0.00309     0.000722      -0.000111     9.38e-05
    3.04     0.00554     0.000834      -0.000125     0.000104
    3.24     0.00624     0.000863      -0.000125     0.000104
    3.44     0.00449     0.000785      -0.000111     9.38e-05
    3.63     0.00337     0.000734      -8.8e-05     7.55e-05
    3.83     0.00231     0.000744      -6.1e-05     5.38e-05
    4.12     0.000866     0.000494      -2.58e-05     2.41e-05
    4.52     0.00059     0.000609      -1.99e-06     2e-06
4-5 #otimes 4-5 GeV/c
Deltaphi  dN/dDeltaphi  stat.   V2_upper(red)  V2_lower (blue)
    -1.42     0.00013     0.000347      1.39e-05     -1.26e-05
    -1.13     5.24e-05     0.00024      1.12e-05     -9.81e-06
    -0.83     -9.05e-06     0.000187      4.63e-06     -3.88e-06
    -0.54     0.000217     0.000208      -5.05e-06     4.07e-06
    -0.29     0.00186     0.00043      -1.26e-05     9.98e-06
    -0.15     0.00577     0.000902      -1.56e-05     1.22e-05
    -0.05     0.01     0.00122      -1.65e-05     1.29e-05
    0.05     0.0093     0.00116      -1.65e-05     1.29e-05
    0.15     0.00631     0.000992      -1.56e-05     1.22e-05
    0.29     0.00165     0.000416      -1.26e-05     9.98e-06
    0.54     2.66e-05     0.000185      -5.05e-06     4.07e-06
    0.83     -0.000167     0.000166      4.63e-06     -3.88e-06
    1.13     0.000155     0.000285      1.12e-05     -9.81e-06
    1.42     -8.62e-05     0.00027      1.39e-05     -1.26e-05
    1.77     4.51e-05     0.000234      1.36e-05     -1.24e-05
    2.16     0.000531     0.000266      8.41e-06     -7.22e-06
    2.45     9.64e-05     0.00025      -2.27e-10     2.42e-10
    2.65     0.00144     0.000433      -6.73e-06     5.39e-06
    2.85     0.00117     0.000391      -1.26e-05     9.98e-06
    3.04     0.00198     0.000459      -1.61e-05     1.26e-05
    3.24     0.00194     0.000475      -1.61e-05     1.26e-05
    3.44     0.000959     0.000353      -1.26e-05     9.98e-06
    3.63     0.00124     0.000403      -6.72e-06     5.39e-06
    3.83     0.000261     0.000294      2.65e-10     -1.62e-10
    4.12     0.000315     0.000235      8.41e-06     -7.22e-06
    4.52     0.000139     0.000273      1.36e-05     -1.24e-05
4-5 #otimes 5-10 GeV/c
Deltaphi  dN/dDeltaphi  stat.   V2_upper(red)  V2_lower (blue)
    -1.42     0.000207     0.000339      -1.39e-07     1.43e-07
    -1.13     -0.000117     0.000158      -2.36e-06     2.25e-06
    -0.83     -0.000102     0.00013      -7.44e-06     6.44e-06
    -0.54     9.2e-05     0.000161      -1.47e-05     1.18e-05
    -0.29     0.00105     0.000341      -2.03e-05     1.58e-05
    -0.15     0.00532     0.000975      -2.25e-05     1.72e-05
    -0.05     0.0104     0.00137      -2.32e-05     1.77e-05
    0.05     0.00814     0.00126      -2.32e-05     1.77e-05
    0.15     0.00561     0.00104      -2.25e-05     1.72e-05
    0.29     0.00107     0.000333      -2.03e-05     1.58e-05
    0.54     0.00026     0.000188      -1.47e-05     1.18e-05
    0.83     -0.000122     0.000116      -7.44e-06     6.44e-06
    1.13     0.000105     0.000221      -2.36e-06     2.25e-06
    1.42     0.0002     0.000334      -1.39e-07     1.43e-07
    1.77     1.54e-06     0.000193      -3.37e-07     3.44e-07
    2.16     2.98e-05     0.000156      -4.52e-06     4.11e-06
    2.45     0.000392     0.000285      -1.09e-05     9.1e-06
    2.65     0.000582     0.000298      -1.6e-05     1.27e-05
    2.85     0.00134     0.00041      -2.03e-05     1.58e-05
    3.04     0.0033     0.000596      -2.29e-05     1.75e-05
    3.24     0.0023     0.000482      -2.29e-05     1.75e-05
    3.44     0.000945     0.000357      -2.03e-05     1.58e-05
    3.63     0.000577     0.000306      -1.6e-05     1.27e-05
    3.83     -7.56e-05     0.000154      -1.09e-05     9.1e-06
    4.12     -3.67e-05     0.000141      -4.52e-06     4.11e-06
    4.52     9.7e-05     0.000213      -3.37e-07     3.44e-07
5-10 #otimes 0.4-1 GeV/c
Deltaphi  dN/dDeltaphi  stat.   V2_upper(red)  V2_lower (blue)
    -1.42     -0.0254     0.0301      0.00438     -0.00392
    -1.13     -0.0166     0.0288      0.00089     -0.000788
    -0.83     0.0254     0.0251      -0.00546     0.00474
    -0.54     0.093     0.0224      -0.0129     0.0111
    -0.29     0.174     0.0272      -0.0181     0.0153
    -0.15     0.16     0.0381      -0.0199     0.0168
    -0.05     0.147     0.0378      -0.0205     0.0173
    0.05     0.143     0.0377      -0.0205     0.0173
    0.15     0.265     0.0393      -0.0199     0.0168
    0.29     0.136     0.0269      -0.0181     0.0153
    0.54     0.0533     0.0224      -0.0129     0.0111
    0.83     0.0132     0.0258      -0.00546     0.00474
    1.13     -0.014     0.0295      0.00089     -0.000788
    1.42     0.0416     0.032      0.00438     -0.00392
    1.77     0.0414     0.0284      0.00403     -0.00361
    2.16     0.124     0.0249      -0.002     0.00176
    2.45     0.0363     0.0306      -0.00921     0.00794
    2.65     0.0756     0.0296      -0.0141     0.012
    2.85     0.186     0.0296      -0.0181     0.0153
    3.04     0.117     0.028      -0.0203     0.0171
    3.24     0.154     0.0284      -0.0203     0.0171
    3.44     0.143     0.0291      -0.0181     0.0153
    3.63     0.157     0.0304      -0.0141     0.012
    3.83     0.0583     0.0305      -0.00921     0.00794
    4.12     0.0918     0.0242      -0.002     0.00176
    4.52     0.0755     0.028      0.00403     -0.00361
5-10 #otimes 1-2 GeV/c
Deltaphi  dN/dDeltaphi  stat.   V2_upper(red)  V2_lower (blue)
    -1.42     -0.00856     0.0167      0.00363     -0.00334
    -1.13     -0.022     0.0135      0.00225     -0.00202
    -0.83     0.0121     0.0121      -0.000553     0.000479
    -0.54     0.0414     0.0109      -0.00421     0.00353
    -0.29     0.161     0.0142      -0.00689     0.00568
    -0.15     0.228     0.0208      -0.00788     0.00646
    -0.05     0.259     0.0213      -0.0082     0.00671
    0.05     0.237     0.0211      -0.0082     0.00671
    0.15     0.283     0.0223      -0.00788     0.00646
    0.29     0.159     0.0143      -0.00689     0.00568
    0.54     0.0387     0.0111      -0.00421     0.00353
    0.83     0.0137     0.0123      -0.000553     0.000479
    1.13     -3.58e-05     0.0146      0.00225     -0.00202
    1.42     0.023     0.0186      0.00363     -0.00334
    1.77     0.00756     0.0144      0.0035     -0.00321
    2.16     0.0436     0.0119      0.00101     -0.000891
    2.45     0.0599     0.015      -0.00235     0.002
    2.65     0.0922     0.0149      -0.00481     0.00402
    2.85     0.099     0.0145      -0.00689     0.00568
    3.04     0.132     0.0149      -0.00808     0.00661
    3.24     0.118     0.0147      -0.00808     0.00661
    3.44     0.117     0.0146      -0.00689     0.00568
    3.63     0.0645     0.0144      -0.00481     0.00402
    3.83     0.0317     0.0143      -0.00235     0.002
    4.12     0.0423     0.012      0.00101     -0.000891
    4.52     0.0309     0.0149      0.0035     -0.00321
5-10 #otimes 2-3 GeV/c
Deltaphi  dN/dDeltaphi  stat.   V2_upper(red)  V2_lower (blue)
    -1.42     0.00465     0.00514      -8.46e-06     8.49e-06
    -1.13     -0.000933     0.00362      -0.000138     0.000132
    -0.83     0.00583     0.00356      -0.000417     0.000373
    -0.54     0.00628     0.00306      -0.000799     0.000678
    -0.29     0.0413     0.0051      -0.00109     0.000896
    -0.15     0.0881     0.0092      -0.0012     0.000977
    -0.05     0.113     0.0102      -0.00123     0.001
    0.05     0.0957     0.00944      -0.00123     0.001
    0.15     0.0875     0.0093      -0.0012     0.000977
    0.29     0.0362     0.00518      -0.00109     0.000896
    0.54     0.00756     0.00323      -0.000799     0.000678
    0.83     -0.00144     0.00306      -0.000417     0.000373
    1.13     0.00461     0.00436      -0.000138     0.000132
    1.42     -0.00239     0.00453      -8.46e-06     8.49e-06
    1.77     0.000528     0.00381      -2.04e-05     2.04e-05
    2.16     0.00147     0.00299      -0.000259     0.00024
    2.45     0.0124     0.00452      -0.000603     0.000524
    2.65     0.0262     0.00505      -0.000863     0.000727
    2.85     0.0195     0.00457      -0.00109     0.000896
    3.04     0.0264     0.00482      -0.00122     0.000993
    3.24     0.0291     0.00499      -0.00122     0.000993
    3.44     0.0378     0.00545      -0.00109     0.000896
    3.63     0.0234     0.00486      -0.000863     0.000727
    3.83     0.0169     0.00494      -0.000602     0.000524
    4.12     0.0121     0.00371      -0.000259     0.00024
    4.52     0.00336     0.00409      -2.04e-05     2.04e-05
5-10 #otimes 3-4 GeV/c
Deltaphi  dN/dDeltaphi  stat.   V2_upper(red)  V2_lower (blue)
    -1.42     0.00432     0.00317      7.66e-05     -6.96e-05
    -1.13     0.00208     0.00185      6.02e-05     -5.3e-05
    -0.83     0.000955     0.00136      2.43e-05     -2.05e-05
    -0.54     0.00188     0.00136      -2.59e-05     2.1e-05
    -0.29     0.00879     0.00243      -6.4e-05     5.09e-05
    -0.15     0.0309     0.0057      -7.85e-05     6.2e-05
    -0.05     0.0499     0.00708      -8.3e-05     6.55e-05
    0.05     0.0326     0.00551      -8.3e-05     6.55e-05
    0.15     0.0352     0.00601      -7.85e-05     6.2e-05
    0.29     0.0086     0.00239      -6.4e-05     5.09e-05
    0.54     0.000142     0.00111      -2.59e-05     2.1e-05
    0.83     -0.00116     0.00098      2.43e-05     -2.05e-05
    1.13     0.000853     0.00182      6.02e-05     -5.3e-05
    1.42     2.57e-05     0.00194      7.66e-05     -6.96e-05
    1.77     0.00107     0.00171      7.51e-05     -6.8e-05
    2.16     0.00082     0.00129      4.47e-05     -3.85e-05
    2.45     0.00384     0.0021      -1.25e-09     9.91e-10
    2.65     0.00743     0.00246      -3.44e-05     2.78e-05
    2.85     0.00724     0.00248      -6.4e-05     5.09e-05
    3.04     0.0196     0.00364      -8.13e-05     6.42e-05
    3.24     0.0108     0.0027      -8.13e-05     6.42e-05
    3.44     0.00975     0.00259      -6.4e-05     5.09e-05
    3.63     0.0107     0.00292      -3.44e-05     2.77e-05
    3.83     0.000757     0.00165      1.3e-09     -1.11e-09
    4.12     -0.000498     0.00104      4.47e-05     -3.85e-05
    4.52     -0.00122     0.00105      7.51e-05     -6.8e-05
5-10 #otimes 4-5 GeV/c
Deltaphi  dN/dDeltaphi  stat.   V2_upper(red)  V2_lower (blue)
    -1.42     -0.00073     0      3.66e-05     -3.2e-05
    -1.13     -9.69e-05     0.000655      3.17e-05     -2.67e-05
    -0.83     -0.000776     0      2e-05     -1.61e-05
    -0.54     0.000562     0.000715      2.94e-06     -2.27e-06
    -0.29     0.00437     0.00159      -1.04e-05     7.85e-06
    -0.15     0.00811     0.00277      -1.55e-05     1.16e-05
    -0.05     0.0231     0.00529      -1.71e-05     1.28e-05
    0.05     0.0321     0.00597      -1.71e-05     1.28e-05
    0.15     0.0159     0.00416      -1.55e-05     1.16e-05
    0.29     0.000698     0.000901      -1.04e-05     7.85e-06
    0.54     -0.000186     0.000478      2.94e-06     -2.27e-06
    0.83     -0.000776     0      2e-05     -1.61e-05
    1.13     -0.000746     0      3.17e-05     -2.67e-05
    1.42     -0.00073     0      3.66e-05     -3.2e-05
    1.77     0.00103     0.00127      3.62e-05     -3.15e-05
    2.16     -0.00076     0      2.68e-05     -2.2e-05
    2.45     0.00105     0.00108      1.19e-05     -9.32e-06
    2.65     0.00166     0.00126      -3.54e-10     4.05e-10
    2.85     0.00208     0.00149      -1.04e-05     7.85e-06
    3.04     0.00799     0.00244      -1.65e-05     1.24e-05
    3.24     0.00946     0.00261      -1.65e-05     1.24e-05
    3.44     0.00547     0.00201      -1.04e-05     7.85e-06
    3.63     -0.000277     0.000543      5.16e-10     -2.62e-10
    3.83     0.000605     0.00089      1.19e-05     -9.32e-06
    4.12     -0.00076     0      2.68e-05     -2.2e-05
    4.52     0.000239     0.00098      3.62e-05     -3.15e-05
5-10 #otimes 5-10 GeV/c
Deltaphi  dN/dDeltaphi  stat.   V2_upper(red)  V2_lower (blue)
    -1.42     0.00134     0.00208      3e-05     -2.28e-05
    -1.13     -0.000673     0      2.45e-05     -1.73e-05
    -0.83     0.00126     0.00104      1.2e-05     -6.65e-06
    -0.54     -0.000726     0      -6.02e-06     6.8e-06
    -0.29     0.00368     0.00175      -1.99e-05     1.64e-05
    -0.15     0.0177     0.00534      -2.52e-05     2e-05
    -0.05     0.0337     0.00784      -2.69e-05     2.11e-05
    0.05     0.0261     0.00594      -2.69e-05     2.11e-05
    0.15     0.012     0.00371      -2.52e-05     2e-05
    0.29     0.00168     0.00125      -1.99e-05     1.64e-05
    0.54     -0.00033     0.000399      -6.02e-06     6.8e-06
    0.83     0.000707     0.00101      1.2e-05     -6.65e-06
    1.13     -0.000673     0      2.45e-05     -1.73e-05
    1.42     -0.00066     0      3e-05     -2.28e-05
    1.77     -0.000661     0      2.95e-05     -2.23e-05
    2.16     -0.000684     0      1.92e-05     -1.26e-05
    2.45     0.00111     0.00114      3.33e-06     3.01e-10
    2.65     0.000722     0.00107      -9.1e-06     8.98e-06
    2.85     0.00468     0.00234      -1.99e-05     1.64e-05
    3.04     0.00537     0.002      -2.63e-05     2.07e-05
    3.24     0.00596     0.00206      -2.63e-05     2.07e-05
    3.44     0.0027     0.00161      -1.99e-05     1.64e-05
    3.63     0.000436     0.000845      -9.09e-06     8.98e-06
    3.83     0.00088     0.00116      3.33e-06     -3.82e-10
    4.12     -0.000684     0      1.92e-05     -1.26e-05
    4.52     0.000113     0.000785      2.95e-05     -2.23e-05
