20 - 40 %
2-3 #otimes 0.4-1 GeV/c
Deltaphi  dN/dDeltaphi  stat.   V2_upper(red)  V2_lower (blue)
    -1.42     0.0221     0.00179      0.0116     -0.0103
    -1.13     0.00599     0.0017      0.00234     -0.0015
    -0.83     0.0305     0.00146      -0.0143     0.0142
    -0.54     0.0993     0.00126      -0.0336     0.0322
    -0.29     0.179     0.00147      -0.0467     0.0443
    -0.15     0.211     0.00207      -0.0514     0.0487
    -0.05     0.225     0.00206      -0.0528     0.05
    0.05     0.223     0.00204      -0.0528     0.05
    0.15     0.215     0.00204      -0.0514     0.0487
    0.29     0.18     0.00144      -0.0467     0.0443
    0.54     0.0976     0.00123      -0.0336     0.0322
    0.83     0.0257     0.00142      -0.0143     0.0142
    1.13     0.000457     0.00164      0.00234     -0.0015
    1.42     0.0238     0.00176      0.0116     -0.0103
    1.77     0.0722     0.0016      0.0107     -0.00943
    2.16     0.115     0.00135      -0.00526     0.0057
    2.45     0.116     0.00172      -0.024     0.0233
    2.65     0.117     0.00164      -0.0366     0.035
    2.85     0.108     0.00157      -0.0467     0.0443
    3.04     0.102     0.00151      -0.0523     0.0495
    3.24     0.1     0.0015      -0.0523     0.0495
    3.44     0.107     0.00154      -0.0467     0.0443
    3.63     0.112     0.00161      -0.0366     0.035
    3.83     0.117     0.00168      -0.024     0.0233
    4.12     0.112     0.00131      -0.00526     0.0057
    4.52     0.0713     0.00155      0.0107     -0.00943
2-3 #otimes 1-2 GeV/c
Deltaphi  dN/dDeltaphi  stat.   V2_upper(red)  V2_lower (blue)
    -1.42     0.0141     0.00104      0.00513     -0.00496
    -1.13     0.00296     0.000868      0.00107     -0.00103
    -0.83     0.0151     0.000723      -0.00687     0.0065
    -0.54     0.0587     0.000627      -0.0169     0.0159
    -0.29     0.0995     0.000699      -0.0242     0.0225
    -0.15     0.125     0.000949      -0.0268     0.0249
    -0.05     0.129     0.000944      -0.0277     0.0257
    0.05     0.129     0.000945      -0.0277     0.0257
    0.15     0.127     0.000947      -0.0268     0.0249
    0.29     0.0993     0.00069      -0.0242     0.0225
    0.54     0.0577     0.00061      -0.0169     0.0159
    0.83     0.0143     0.000687      -0.00687     0.0065
    1.13     0.00185     0.000831      0.00107     -0.00103
    1.42     0.0152     0.00103      0.00513     -0.00496
    1.77     0.0464     0.000865      0.00474     -0.00458
    2.16     0.065     0.000677      -0.00247     0.00235
    2.45     0.0582     0.000822      -0.0118     0.0111
    2.65     0.0499     0.000769      -0.0186     0.0174
    2.85     0.0422     0.000741      -0.0242     0.0225
    3.04     0.036     0.00073      -0.0274     0.0254
    3.24     0.0358     0.000728      -0.0274     0.0254
    3.44     0.0404     0.000734      -0.0242     0.0225
    3.63     0.0502     0.000762      -0.0186     0.0174
    3.83     0.0585     0.000806      -0.0118     0.0111
    4.12     0.0661     0.000659      -0.00247     0.00235
    4.52     0.0467     0.00084      0.00474     -0.00458
2-3 #otimes 2-3 GeV/c
Deltaphi  dN/dDeltaphi  stat.   V2_upper(red)  V2_lower (blue)
    -1.42     0.00225     0.000293      0.000826     -0.000499
    -1.13     0.000317     0.000235      0.000434     -0.000106
    -0.83     0.00146     0.000197      -0.0004     0.000699
    -0.54     0.00793     0.000174      -0.00154     0.00176
    -0.29     0.0164     0.000194      -0.00239     0.00255
    -0.15     0.0211     0.000265      -0.00271     0.00284
    -0.05     0.0231     0.00026      -0.00281     0.00293
    0.05     0.0231     0.00026      -0.00281     0.00293
    0.15     0.0212     0.000265      -0.00271     0.00284
    0.29     0.0166     0.000192      -0.00239     0.00255
    0.54     0.00779     0.000168      -0.00154     0.00176
    0.83     0.00129     0.000185      -0.0004     0.000699
    1.13     8.94e-05     0.000224      0.000434     -0.000106
    1.42     0.00217     0.000292      0.000826     -0.000499
    1.77     0.00529     0.000237      0.00079     -0.000462
    2.16     0.00749     0.000185      7.13e-05     0.000248
    2.45     0.00614     0.000223      -0.000952     0.00122
    2.65     0.00496     0.000208      -0.00172     0.00194
    2.85     0.00364     0.000201      -0.00239     0.00255
    3.04     0.00269     0.0002      -0.00277     0.0029
    3.24     0.00269     0.0002      -0.00277     0.0029
    3.44     0.00383     0.000201      -0.00239     0.00255
    3.63     0.00499     0.000206      -0.00172     0.00194
    3.83     0.00631     0.000221      -0.000952     0.00122
    4.12     0.00734     0.000181      7.13e-05     0.000248
    4.52     0.00529     0.000232      0.00079     -0.000462
2-3 #otimes 3-4 GeV/c
Deltaphi  dN/dDeltaphi  stat.   V2_upper(red)  V2_lower (blue)
    -1.42     0.000221     0.0001      5.41e-05     -3.88e-05
    -1.13     -4.51e-06     7.81e-05      1.17e-05     3.23e-06
    -0.83     8.97e-05     6.57e-05      -7.9e-05     9e-05
    -0.54     0.00103     5.99e-05      -0.000203     0.000205
    -0.29     0.00256     6.78e-05      -0.000297     0.00029
    -0.15     0.00367     9.32e-05      -0.000332     0.000322
    -0.05     0.00431     9.15e-05      -0.000343     0.000332
    0.05     0.00435     9.15e-05      -0.000343     0.000332
    0.15     0.00368     9.3e-05      -0.000332     0.000322
    0.29     0.00256     6.78e-05      -0.000297     0.00029
    0.54     0.000998     5.96e-05      -0.000203     0.000205
    0.83     0.000147     6.57e-05      -7.9e-05     9e-05
    1.13     6.53e-05     7.8e-05      1.17e-05     3.23e-06
    1.42     0.000114     9.94e-05      5.41e-05     -3.88e-05
    1.77     0.000522     7.84e-05      5.01e-05     -3.48e-05
    2.16     0.000863     6.21e-05      -2.77e-05     4.13e-05
    2.45     0.000742     7.7e-05      -0.000139     0.000146
    2.65     0.000541     7.18e-05      -0.000224     0.000224
    2.85     0.000544     6.97e-05      -0.000297     0.00029
    3.04     0.000377     6.89e-05      -0.000339     0.000329
    3.24     0.000329     6.89e-05      -0.000339     0.000329
    3.44     0.000427     6.99e-05      -0.000297     0.00029
    3.63     0.000666     7.22e-05      -0.000224     0.000224
    3.83     0.000596     7.71e-05      -0.000139     0.000146
    4.12     0.000785     6.24e-05      -2.77e-05     4.13e-05
    4.52     0.000529     7.9e-05      5.02e-05     -3.48e-05
2-3 #otimes 4-5 GeV/c
Deltaphi  dN/dDeltaphi  stat.   V2_upper(red)  V2_lower (blue)
    -1.42     7.3e-05     3.94e-05      7.97e-06     -7.78e-06
    -1.13     -9.57e-07     3.06e-05      1.71e-06     -1.65e-06
    -0.83     3.96e-05     2.58e-05      -1.13e-05     1.07e-05
    -0.54     0.000181     2.34e-05      -2.87e-05     2.68e-05
    -0.29     0.000483     2.67e-05      -4.16e-05     3.86e-05
    -0.15     0.000811     3.72e-05      -4.65e-05     4.29e-05
    -0.05     0.000956     3.67e-05      -4.8e-05     4.43e-05
    0.05     0.000962     3.68e-05      -4.8e-05     4.43e-05
    0.15     0.000841     3.71e-05      -4.65e-05     4.29e-05
    0.29     0.00052     2.68e-05      -4.16e-05     3.86e-05
    0.54     0.000154     2.31e-05      -2.87e-05     2.68e-05
    0.83     -1.98e-05     2.53e-05      -1.13e-05     1.07e-05
    1.13     5.75e-06     3.03e-05      1.71e-06     -1.65e-06
    1.42     1.9e-05     3.88e-05      7.97e-06     -7.78e-06
    1.77     8.85e-05     3.08e-05      7.38e-06     -7.2e-06
    2.16     0.000114     2.42e-05      -4e-06     3.82e-06
    2.45     0.000111     2.99e-05      -1.98e-05     1.86e-05
    2.65     0.00012     2.8e-05      -3.16e-05     2.94e-05
    2.85     8.33e-05     2.7e-05      -4.16e-05     3.86e-05
    3.04     0.000109     2.69e-05      -4.74e-05     4.38e-05
    3.24     8.97e-05     2.69e-05      -4.74e-05     4.38e-05
    3.44     0.000148     2.75e-05      -4.16e-05     3.86e-05
    3.63     4.73e-05     2.78e-05      -3.16e-05     2.94e-05
    3.83     0.000134     3.02e-05      -1.98e-05     1.86e-05
    4.12     0.000119     2.43e-05      -4e-06     3.82e-06
    4.52     0.000108     3.1e-05      7.38e-06     -7.2e-06
2-3 #otimes 5-10 GeV/c
Deltaphi  dN/dDeltaphi  stat.   V2_upper(red)  V2_lower (blue)
    -1.42     -1.99e-05     3.19e-05      9.42e-06     -5.69e-06
    -1.13     -2.25e-06     2.61e-05      5.84e-06     -2.13e-06
    -0.83     -3.14e-06     2.16e-05      -1.44e-06     4.9e-06
    -0.54     4.02e-05     1.91e-05      -1.1e-05     1.39e-05
    -0.29     0.000206     2.15e-05      -1.8e-05     2.04e-05
    -0.15     0.000365     2.96e-05      -2.06e-05     2.28e-05
    -0.05     0.000494     2.94e-05      -2.14e-05     2.35e-05
    0.05     0.000552     2.96e-05      -2.14e-05     2.35e-05
    0.15     0.000442     2.95e-05      -2.06e-05     2.28e-05
    0.29     0.000185     2.09e-05      -1.8e-05     2.04e-05
    0.54     2.75e-05     1.8e-05      -1.1e-05     1.39e-05
    0.83     8.8e-07     2e-05      -1.44e-06     4.9e-06
    1.13     2.19e-05     2.39e-05      5.84e-06     -2.13e-06
    1.42     3.12e-05     3.12e-05      9.42e-06     -5.69e-06
    1.77     3.74e-05     2.53e-05      9.08e-06     -5.35e-06
    2.16     2.11e-05     1.97e-05      2.63e-06     9.94e-07
    2.45     5.67e-05     2.48e-05      -6.12e-06     9.32e-06
    2.65     8.17e-05     2.32e-05      -1.26e-05     1.53e-05
    2.85     2.4e-05     2.19e-05      -1.8e-05     2.04e-05
    3.04     8.13e-05     2.19e-05      -2.11e-05     2.32e-05
    3.24     6.61e-05     2.2e-05      -2.11e-05     2.32e-05
    3.44     2.18e-05     2.22e-05      -1.8e-05     2.04e-05
    3.63     6.95e-05     2.29e-05      -1.26e-05     1.53e-05
    3.83     7.77e-05     2.43e-05      -6.12e-06     9.32e-06
    4.12     7.34e-05     1.93e-05      2.63e-06     9.94e-07
    4.52     7.86e-05     2.49e-05      9.08e-06     -5.35e-06
3-4 #otimes 0.4-1 GeV/c
Deltaphi  dN/dDeltaphi  stat.   V2_upper(red)  V2_lower (blue)
    -1.42     0.033     0.00551      0.0135     -0.0113
    -1.13     0.013     0.00524      0.00411     -0.00227
    -0.83     0.0289     0.00449      -0.0129     0.0138
    -0.54     0.102     0.00386      -0.0327     0.0323
    -0.29     0.21     0.00453      -0.0461     0.0448
    -0.15     0.248     0.00638      -0.051     0.0492
    -0.05     0.256     0.00635      -0.0525     0.0506
    0.05     0.253     0.00631      -0.0525     0.0506
    0.15     0.259     0.00629      -0.051     0.0492
    0.29     0.208     0.00444      -0.0461     0.0448
    0.54     0.107     0.00378      -0.0327     0.0323
    0.83     0.0199     0.00439      -0.0129     0.0138
    1.13     -0.00588     0.00506      0.00411     -0.00227
    1.42     0.0374     0.00543      0.0135     -0.0113
    1.77     0.0965     0.00496      0.0126     -0.0104
    2.16     0.143     0.00419      -0.00366     0.00509
    2.45     0.159     0.00532      -0.0228     0.0231
    2.65     0.16     0.00508      -0.0358     0.0351
    2.85     0.144     0.00484      -0.0461     0.0448
    3.04     0.14     0.00466      -0.0519     0.0501
    3.24     0.149     0.00463      -0.0519     0.0501
    3.44     0.157     0.00477      -0.0461     0.0448
    3.63     0.163     0.00497      -0.0357     0.0351
    3.83     0.154     0.00519      -0.0228     0.0231
    4.12     0.144     0.00404      -0.00366     0.00509
    4.52     0.0977     0.00478      0.0126     -0.0104
3-4 #otimes 1-2 GeV/c
Deltaphi  dN/dDeltaphi  stat.   V2_upper(red)  V2_lower (blue)
    -1.42     0.0178     0.00321      0.00552     -0.00505
    -1.13     0.000591     0.00267      0.0014     -0.00105
    -0.83     0.0156     0.00224      -0.00672     0.00666
    -0.54     0.0637     0.00193      -0.0171     0.0163
    -0.29     0.132     0.00216      -0.0245     0.0231
    -0.15     0.173     0.00295      -0.0273     0.0256
    -0.05     0.187     0.00294      -0.0281     0.0264
    0.05     0.195     0.00295      -0.0281     0.0264
    0.15     0.177     0.00295      -0.0273     0.0256
    0.29     0.13     0.00213      -0.0245     0.0231
    0.54     0.0604     0.00189      -0.0171     0.0163
    0.83     0.00966     0.00212      -0.00672     0.00666
    1.13     0.00221     0.00256      0.0014     -0.00105
    1.42     0.0199     0.00322      0.00552     -0.00505
    1.77     0.0478     0.00269      0.00513     -0.00467
    2.16     0.0761     0.0021      -0.00221     0.0024
    2.45     0.069     0.00254      -0.0118     0.0114
    2.65     0.0605     0.00238      -0.0187     0.0178
    2.85     0.0526     0.00229      -0.0245     0.0231
    3.04     0.0411     0.00226      -0.0278     0.0261
    3.24     0.0467     0.00225      -0.0278     0.0261
    3.44     0.0504     0.00226      -0.0245     0.0231
    3.63     0.0592     0.00236      -0.0187     0.0178
    3.83     0.0684     0.00247      -0.0118     0.0114
    4.12     0.0742     0.00203      -0.00221     0.0024
    4.52     0.0536     0.0026      0.00513     -0.00467
3-4 #otimes 2-3 GeV/c
Deltaphi  dN/dDeltaphi  stat.   V2_upper(red)  V2_lower (blue)
    -1.42     0.00133     0.000904      0.000517     -0.000274
    -1.13     0.000352     0.000724      0.000112     0.00013
    -0.83     0.00148     0.000607      -0.000756     0.000963
    -0.54     0.00953     0.000538      -0.00194     0.00207
    -0.29     0.0241     0.000607      -0.00284     0.00289
    -0.15     0.0356     0.000841      -0.00317     0.00319
    -0.05     0.0414     0.000831      -0.00328     0.00329
    0.05     0.0416     0.000832      -0.00328     0.00329
    0.15     0.0349     0.000841      -0.00317     0.00319
    0.29     0.0246     0.000604      -0.00284     0.00289
    0.54     0.00984     0.000523      -0.00194     0.00207
    0.83     0.00121     0.000572      -0.000756     0.000963
    1.13     -9.59e-05     0.000692      0.000112     0.00013
    1.42     0.00214     0.000911      0.000517     -0.000274
    1.77     0.00491     0.000736      0.00048     -0.000236
    2.16     0.00787     0.000572      -0.000265     0.000496
    2.45     0.00588     0.000691      -0.00133     0.0015
    2.65     0.00618     0.000644      -0.00214     0.00225
    2.85     0.00388     0.000622      -0.00284     0.00289
    3.04     0.00347     0.000618      -0.00324     0.00325
    3.24     0.00371     0.000618      -0.00324     0.00325
    3.44     0.00495     0.00062      -0.00284     0.00289
    3.63     0.00519     0.000636      -0.00214     0.00225
    3.83     0.00672     0.000682      -0.00133     0.0015
    4.12     0.00807     0.000559      -0.000265     0.000496
    4.52     0.00506     0.000717      0.00048     -0.000236
3-4 #otimes 3-4 GeV/c
Deltaphi  dN/dDeltaphi  stat.   V2_upper(red)  V2_lower (blue)
    -1.42     0.000228     0.000309      1.57e-05     -1.57e-05
    -1.13     -0.000192     0.000238      -2.77e-05     2.71e-05
    -0.83     0.000413     0.000203      -0.000122     0.000116
    -0.54     0.00159     0.000186      -0.000251     0.000235
    -0.29     0.00495     0.00022      -0.000348     0.000323
    -0.15     0.00828     0.000312      -0.000385     0.000356
    -0.05     0.0103     0.000308      -0.000397     0.000367
    0.05     0.0105     0.00031      -0.000397     0.000367
    0.15     0.0083     0.000313      -0.000385     0.000356
    0.29     0.00485     0.000219      -0.000348     0.000323
    0.54     0.00165     0.000187      -0.000251     0.000235
    0.83     0.000504     0.000203      -0.000122     0.000116
    1.13     -0.00026     0.000238      -2.77e-05     2.71e-05
    1.42     0.000231     0.000309      1.57e-05     -1.57e-05
    1.77     0.000837     0.000244      1.17e-05     -1.17e-05
    2.16     0.000862     0.000192      -6.84e-05     6.61e-05
    2.45     0.00141     0.000242      -0.000184     0.000174
    2.65     0.00115     0.000224      -0.000273     0.000255
    2.85     0.00102     0.000218      -0.000348     0.000323
    3.04     0.0012     0.000216      -0.000392     0.000363
    3.24     0.0011     0.000215      -0.000392     0.000363
    3.44     0.00101     0.000217      -0.000348     0.000323
    3.63     0.0011     0.000223      -0.000273     0.000255
    3.83     0.0015     0.000243      -0.000184     0.000174
    4.12     0.000827     0.000192      -6.84e-05     6.61e-05
    4.52     0.000854     0.000244      1.17e-05     -1.17e-05
3-4 #otimes 4-5 GeV/c
Deltaphi  dN/dDeltaphi  stat.   V2_upper(red)  V2_lower (blue)
    -1.42     3.27e-05     0.000121      8.1e-06     -7.93e-06
    -1.13     0.000282     9.85e-05      1.74e-06     -1.68e-06
    -0.83     -9.62e-06     7.85e-05      -1.16e-05     1.1e-05
    -0.54     0.000326     7.37e-05      -2.96e-05     2.76e-05
    -0.29     0.000991     8.83e-05      -4.29e-05     3.98e-05
    -0.15     0.00234     0.000136      -4.8e-05     4.43e-05
    -0.05     0.0032     0.000138      -4.95e-05     4.57e-05
    0.05     0.00308     0.000137      -4.95e-05     4.57e-05
    0.15     0.00236     0.000135      -4.8e-05     4.43e-05
    0.29     0.00094     8.76e-05      -4.29e-05     3.98e-05
    0.54     0.000213     7.22e-05      -2.96e-05     2.76e-05
    0.83     6.29e-05     7.9e-05      -1.16e-05     1.1e-05
    1.13     -0.00016     9.09e-05      1.74e-06     -1.68e-06
    1.42     0.0001     0.000122      8.1e-06     -7.93e-06
    1.77     0.000121     9.61e-05      7.51e-06     -7.33e-06
    2.16     6.96e-05     7.42e-05      -4.09e-06     3.91e-06
    2.45     0.000146     9.37e-05      -2.04e-05     1.91e-05
    2.65     0.000311     8.89e-05      -3.26e-05     3.03e-05
    2.85     0.000222     8.58e-05      -4.29e-05     3.98e-05
    3.04     0.000178     8.4e-05      -4.89e-05     4.52e-05
    3.24     0.00049     8.74e-05      -4.89e-05     4.52e-05
    3.44     0.000379     8.75e-05      -4.29e-05     3.98e-05
    3.63     0.000332     8.89e-05      -3.26e-05     3.03e-05
    3.83     9.07e-05     9.26e-05      -2.04e-05     1.91e-05
    4.12     0.000247     7.64e-05      -4.09e-06     3.91e-06
    4.52     9.14e-05     9.57e-05      7.51e-06     -7.33e-06
3-4 #otimes 5-10 GeV/c
Deltaphi  dN/dDeltaphi  stat.   V2_upper(red)  V2_lower (blue)
    -1.42     2.79e-05     9.98e-05      4.69e-06     -4.57e-06
    -1.13     6.36e-05     8.19e-05      1e-06     -9.61e-07
    -0.83     -5.96e-05     6.48e-05      -6.56e-06     6.2e-06
    -0.54     0.000119     5.95e-05      -1.65e-05     1.54e-05
    -0.29     0.00047     7.04e-05      -2.38e-05     2.21e-05
    -0.15     0.00164     0.000112      -2.66e-05     2.45e-05
    -0.05     0.00231     0.000119      -2.74e-05     2.53e-05
    0.05     0.00229     0.000117      -2.74e-05     2.53e-05
    0.15     0.00151     0.000109      -2.66e-05     2.45e-05
    0.29     0.000399     6.77e-05      -2.38e-05     2.21e-05
    0.54     0.000168     5.76e-05      -1.65e-05     1.54e-05
    0.83     -8.51e-05     6e-05      -6.56e-06     6.2e-06
    1.13     0.000169     7.61e-05      1e-06     -9.61e-07
    1.42     3.25e-05     9.69e-05      4.69e-06     -4.57e-06
    1.77     8.23e-05     7.9e-05      4.35e-06     -4.22e-06
    2.16     9.1e-05     6.2e-05      -2.33e-06     2.22e-06
    2.45     6.56e-05     7.7e-05      -1.14e-05     1.07e-05
    2.65     0.000128     7.16e-05      -1.82e-05     1.69e-05
    2.85     0.000238     7.15e-05      -2.38e-05     2.21e-05
    3.04     0.000308     7.1e-05      -2.71e-05     2.5e-05
    3.24     0.000204     6.96e-05      -2.71e-05     2.5e-05
    3.44     0.000151     7.05e-05      -2.38e-05     2.21e-05
    3.63     0.000225     7.29e-05      -1.82e-05     1.69e-05
    3.83     4.51e-05     7.43e-05      -1.14e-05     1.07e-05
    4.12     -2.36e-05     5.77e-05      -2.33e-06     2.22e-06
    4.52     2.56e-05     7.51e-05      4.35e-06     -4.22e-06
4-5 #otimes 0.4-1 GeV/c
Deltaphi  dN/dDeltaphi  stat.   V2_upper(red)  V2_lower (blue)
    -1.42     0.0358     0.0148      0.0208     -0.0105
    -1.13     0.00911     0.014      0.0121     -0.00212
    -0.83     0.011     0.0119      -0.00362     0.0128
    -0.54     0.0837     0.0103      -0.0218     0.0299
    -0.29     0.21     0.0122      -0.034     0.0413
    -0.15     0.241     0.0172      -0.0384     0.0454
    -0.05     0.252     0.0171      -0.0398     0.0467
    0.05     0.262     0.0171      -0.0398     0.0467
    0.15     0.212     0.017      -0.0384     0.0454
    0.29     0.182     0.0121      -0.034     0.0413
    0.54     0.0962     0.0104      -0.0218     0.0299
    0.83     0.000493     0.0121      -0.00362     0.0128
    1.13     0.0107     0.0141      0.0121     -0.00212
    1.42     0.054     0.0151      0.0208     -0.0105
    1.77     0.0847     0.0135      0.02     -0.0097
    2.16     0.157     0.0114      0.00487     0.00474
    2.45     0.151     0.0145      -0.0128     0.0214
    2.65     0.144     0.0138      -0.0246     0.0325
    2.85     0.148     0.0131      -0.034     0.0413
    3.04     0.148     0.0127      -0.0393     0.0462
    3.24     0.135     0.0127      -0.0393     0.0462
    3.44     0.177     0.0131      -0.034     0.0413
    3.63     0.199     0.0136      -0.0246     0.0325
    3.83     0.176     0.0141      -0.0128     0.0214
    4.12     0.161     0.0111      0.00487     0.00474
    4.52     0.114     0.013      0.02     -0.0097
4-5 #otimes 1-2 GeV/c
Deltaphi  dN/dDeltaphi  stat.   V2_upper(red)  V2_lower (blue)
    -1.42     0.0211     0.00868      0.00987     -0.00484
    -1.13     0.0106     0.00711      0.00602     -0.00103
    -0.83     -0.000795     0.00593      -0.00145     0.00617
    -0.54     0.053     0.00513      -0.0108     0.015
    -0.29     0.151     0.00581      -0.0175     0.0213
    -0.15     0.222     0.008      -0.02     0.0235
    -0.05     0.232     0.00801      -0.0207     0.0243
    0.05     0.221     0.00805      -0.0207     0.0243
    0.15     0.227     0.0081      -0.02     0.0235
    0.29     0.138     0.00581      -0.0175     0.0213
    0.54     0.0592     0.00519      -0.0108     0.015
    0.83     0.00283     0.00592      -0.00145     0.00617
    1.13     0.00287     0.00722      0.00602     -0.00103
    1.42     0.0138     0.00902      0.00987     -0.00484
    1.77     0.0525     0.00734      0.0095     -0.00446
    2.16     0.0669     0.00565      0.00268     0.00221
    2.45     0.0711     0.00687      -0.00608     0.0106
    2.65     0.062     0.0065      -0.0123     0.0164
    2.85     0.0572     0.00626      -0.0175     0.0213
    3.04     0.0452     0.00615      -0.0204     0.024
    3.24     0.0521     0.00614      -0.0204     0.024
    3.44     0.0522     0.00615      -0.0175     0.0213
    3.63     0.0641     0.00647      -0.0123     0.0164
    3.83     0.0678     0.00677      -0.00608     0.0106
    4.12     0.0752     0.00558      0.00268     0.00221
    4.52     0.0587     0.00713      0.0095     -0.00446
4-5 #otimes 2-3 GeV/c
Deltaphi  dN/dDeltaphi  stat.   V2_upper(red)  V2_lower (blue)
    -1.42     4.13e-05     0.00244      0.000497     -0.000486
    -1.13     -0.000187     0.00192      0.000107     -0.000103
    -0.83     -0.00166     0.00159      -0.000706     0.000669
    -0.54     0.0103     0.00143      -0.00179     0.00167
    -0.29     0.0328     0.00165      -0.0026     0.00241
    -0.15     0.0558     0.00235      -0.0029     0.00268
    -0.05     0.0609     0.00232      -0.003     0.00277
    0.05     0.0604     0.00233      -0.003     0.00277
    0.15     0.052     0.00236      -0.0029     0.00268
    0.29     0.0312     0.00167      -0.0026     0.00241
    0.54     0.0129     0.00144      -0.00179     0.00167
    0.83     0.00185     0.0016      -0.000706     0.000669
    1.13     -0.000781     0.00196      0.000107     -0.000103
    1.42     0.00731     0.00259      0.000497     -0.000486
    1.77     0.00749     0.00201      0.000461     -0.000449
    2.16     0.00657     0.00153      -0.000249     0.000238
    2.45     0.0075     0.00188      -0.00124     0.00116
    2.65     0.00344     0.00174      -0.00197     0.00184
    2.85     0.0103     0.00172      -0.0026     0.00241
    3.04     0.00537     0.00169      -0.00296     0.00273
    3.24     0.00551     0.00168      -0.00296     0.00273
    3.44     0.00576     0.00169      -0.0026     0.00241
    3.63     0.00964     0.00176      -0.00197     0.00184
    3.83     0.00909     0.00189      -0.00124     0.00116
    4.12     0.0074     0.00153      -0.000249     0.000238
    4.52     0.00396     0.00196      0.000461     -0.000449
4-5 #otimes 3-4 GeV/c
Deltaphi  dN/dDeltaphi  stat.   V2_upper(red)  V2_lower (blue)
    -1.42     0.000914     0.000848      -2.78e-06     2.76e-06
    -1.13     -0.000444     0.000628      -4.47e-05     4.37e-05
    -0.83     0.000789     0.000537      -0.000132     0.000127
    -0.54     0.00177     0.000495      -0.00025     0.000235
    -0.29     0.00651     0.000602      -0.000338     0.000314
    -0.15     0.0167     0.000949      -0.000371     0.000344
    -0.05     0.0222     0.000972      -0.000381     0.000353
    0.05     0.0225     0.000981      -0.000381     0.000353
    0.15     0.016     0.000952      -0.000371     0.000344
    0.29     0.0071     0.000622      -0.000338     0.000314
    0.54     0.00236     0.000516      -0.00025     0.000235
    0.83     0.000631     0.000566      -0.000132     0.000127
    1.13     0.0025     0.00072      -4.47e-05     4.37e-05
    1.42     0.00038     0.00086      -2.78e-06     2.76e-06
    1.77     0.000916     0.000664      -6.71e-06     6.65e-06
    2.16     0.00206     0.000528      -8.31e-05     8.03e-05
    2.45     0.00139     0.000652      -0.00019     0.00018
    2.65     0.00259     0.000627      -0.00027     0.000253
    2.85     0.003     0.00062      -0.000338     0.000314
    3.04     0.00295     0.000606      -0.000377     0.00035
    3.24     0.00182     0.00059      -0.000377     0.00035
    3.44     0.00181     0.000597      -0.000338     0.000314
    3.63     0.0022     0.000622      -0.00027     0.000253
    3.83     0.00162     0.000664      -0.00019     0.00018
    4.12     0.000649     0.000518      -8.31e-05     8.03e-05
    4.52     0.00134     0.000674      -6.7e-06     6.65e-06
4-5 #otimes 4-5 GeV/c
Deltaphi  dN/dDeltaphi  stat.   V2_upper(red)  V2_lower (blue)
    -1.42     -0.000114     0.000309      -3.84e-07     3.79e-07
    -1.13     0.000262     0.000249      -6.1e-06     5.93e-06
    -0.83     0.000437     0.000212      -1.77e-05     1.69e-05
    -0.54     0.000494     0.000191      -3.3e-05     3.1e-05
    -0.29     0.00168     0.000248      -4.42e-05     4.12e-05
    -0.15     0.00598     0.000455      -4.84e-05     4.5e-05
    -0.05     0.00858     0.000504      -4.97e-05     4.61e-05
    0.05     0.00866     0.000505      -4.97e-05     4.61e-05
    0.15     0.00635     0.000473      -4.84e-05     4.5e-05
    0.29     0.00157     0.000247      -4.42e-05     4.12e-05
    0.54     0.000491     0.000198      -3.3e-05     3.1e-05
    0.83     0.000421     0.00022      -1.77e-05     1.69e-05
    1.13     0.000238     0.000263      -6.1e-06     5.93e-06
    1.42     -1.73e-05     0.00032      -3.84e-07     3.79e-07
    1.77     0.000741     0.000275      -9.25e-07     9.11e-07
    2.16     -7.5e-05     0.000186      -1.12e-05     1.08e-05
    2.45     0.000584     0.000256      -2.52e-05     2.39e-05
    2.65     0.00108     0.000257      -3.55e-05     3.33e-05
    2.85     0.0012     0.000257      -4.42e-05     4.12e-05
    3.04     0.00151     0.000261      -4.92e-05     4.57e-05
    3.24     0.0014     0.000255      -4.92e-05     4.57e-05
    3.44     0.00113     0.000249      -4.42e-05     4.12e-05
    3.63     0.00103     0.000255      -3.55e-05     3.33e-05
    3.83     0.000788     0.00027      -2.52e-05     2.39e-05
    4.12     -1.41e-05     0.000192      -1.12e-05     1.08e-05
    4.52     0.000642     0.000271      -9.25e-07     9.11e-07
4-5 #otimes 5-10 GeV/c
Deltaphi  dN/dDeltaphi  stat.   V2_upper(red)  V2_lower (blue)
    -1.42     0.000386     0.000308      -2.59e-07     2.53e-07
    -1.13     -6.36e-05     0.000218      -4.06e-06     3.93e-06
    -0.83     -6.11e-05     0.000173      -1.16e-05     1.11e-05
    -0.54     -0.000128     0.000154      -2.14e-05     2.01e-05
    -0.29     0.000937     0.000208      -2.85e-05     2.65e-05
    -0.15     0.00401     0.000393      -3.12e-05     2.89e-05
    -0.05     0.00719     0.000469      -3.2e-05     2.96e-05
    0.05     0.00669     0.000466      -3.2e-05     2.96e-05
    0.15     0.00401     0.000391      -3.12e-05     2.89e-05
    0.29     0.000974     0.000209      -2.85e-05     2.65e-05
    0.54     0.000147     0.000161      -2.14e-05     2.01e-05
    0.83     9.25e-05     0.000181      -1.16e-05     1.11e-05
    1.13     0.000299     0.000229      -4.06e-06     3.93e-06
    1.42     1.18e-05     0.000274      -2.59e-07     2.53e-07
    1.77     -0.000141     0.000205      -6.23e-07     6.09e-07
    2.16     9.96e-05     0.000173      -7.43e-06     7.12e-06
    2.45     -0.000262     0.000194      -1.65e-05     1.55e-05
    2.65     -3.97e-05     0.000192      -2.3e-05     2.15e-05
    2.85     0.000353     0.000203      -2.85e-05     2.65e-05
    3.04     0.00139     0.000242      -3.17e-05     2.93e-05
    3.24     0.000949     0.000224      -3.17e-05     2.93e-05
    3.44     0.000299     0.000203      -2.85e-05     2.65e-05
    3.63     0.000221     0.000202      -2.3e-05     2.15e-05
    3.83     -4.6e-05     0.000207      -1.65e-05     1.55e-05
    4.12     0.000519     0.000182      -7.43e-06     7.12e-06
    4.52     -0.000195     0.000196      -6.22e-07     6.09e-07
5-10 #otimes 0.4-1 GeV/c
Deltaphi  dN/dDeltaphi  stat.   V2_upper(red)  V2_lower (blue)
    -1.42     0.113     0.0369      0.0176     -0.00985
    -1.13     0.00882     0.0348      0.00935     -0.00198
    -0.83     -0.0326     0.0296      -0.00529     0.0119
    -0.54     0.126     0.0259      -0.0221     0.0276
    -0.29     0.246     0.0307      -0.0334     0.0382
    -0.15     0.222     0.0432      -0.0375     0.0419
    -0.05     0.283     0.0433      -0.0387     0.0431
    0.05     0.26     0.0431      -0.0387     0.0431
    0.15     0.261     0.043      -0.0375     0.0419
    0.29     0.211     0.0306      -0.0334     0.0382
    0.54     0.0773     0.0264      -0.0221     0.0276
    0.83     0.0517     0.031      -0.00529     0.0119
    1.13     -0.0306     0.0358      0.00935     -0.00198
    1.42     0.0866     0.0384      0.0176     -0.00985
    1.77     0.0942     0.0338      0.0168     -0.00906
    2.16     0.158     0.0286      0.00263     0.00441
    2.45     0.204     0.0365      -0.0138     0.0199
    2.65     0.203     0.0347      -0.0247     0.0301
    2.85     0.219     0.0332      -0.0334     0.0382
    3.04     0.226     0.0323      -0.0382     0.0427
    3.24     0.168     0.0322      -0.0382     0.0427
    3.44     0.209     0.0332      -0.0334     0.0382
    3.63     0.205     0.0344      -0.0247     0.0301
    3.83     0.232     0.036      -0.0138     0.0199
    4.12     0.188     0.0282      0.00263     0.00441
    4.52     0.123     0.0327      0.0168     -0.00906
5-10 #otimes 1-2 GeV/c
Deltaphi  dN/dDeltaphi  stat.   V2_upper(red)  V2_lower (blue)
    -1.42     -0.0124     0.0214      0.00779     -0.00433
    -1.13     0.0133     0.0176      0.00407     -0.000706
    -0.83     0.0137     0.0148      -0.00302     0.00607
    -0.54     0.0313     0.0128      -0.0118     0.0143
    -0.29     0.146     0.0146      -0.018     0.02
    -0.15     0.274     0.0204      -0.0203     0.0222
    -0.05     0.304     0.0205      -0.021     0.0228
    0.05     0.307     0.0207      -0.021     0.0228
    0.15     0.27     0.0207      -0.0203     0.0222
    0.29     0.133     0.0147      -0.018     0.02
    0.54     0.0245     0.0132      -0.0118     0.0143
    0.83     -0.00662     0.0152      -0.00302     0.00607
    1.13     -0.00922     0.0185      0.00407     -0.000706
    1.42     0.0476     0.023      0.00779     -0.00433
    1.77     0.0682     0.0184      0.00743     -0.00397
    2.16     0.0488     0.0141      0.000887     0.00236
    2.45     0.0759     0.0173      -0.00737     0.0102
    2.65     0.0511     0.0164      -0.0132     0.0156
    2.85     0.0748     0.0159      -0.018     0.02
    3.04     0.0295     0.0156      -0.0207     0.0226
    3.24     0.0133     0.0155      -0.0207     0.0226
    3.44     0.0574     0.0156      -0.018     0.02
    3.63     0.029     0.0164      -0.0132     0.0156
    3.83     0.0614     0.0173      -0.00737     0.0102
    4.12     0.0332     0.0141      0.000887     0.00236
    4.52     0.0323     0.0179      0.00743     -0.00397
5-10 #otimes 2-3 GeV/c
Deltaphi  dN/dDeltaphi  stat.   V2_upper(red)  V2_lower (blue)
    -1.42     0.00584     0.00611      0.00117     -8.38e-05
    -1.13     0.00238     0.0048      0.000806     0.000293
    -0.83     -0.00186     0.00398      5.81e-05     0.00104
    -0.54     0.00739     0.00356      -0.000925     0.00198
    -0.29     0.0372     0.00422      -0.00165     0.00267
    -0.15     0.0955     0.00637      -0.00192     0.00292
    -0.05     0.104     0.00636      -0.002     0.003
    0.05     0.106     0.0064      -0.002     0.003
    0.15     0.0772     0.00628      -0.00192     0.00292
    0.29     0.0405     0.00435      -0.00165     0.00267
    0.54     0.00224     0.00361      -0.000925     0.00198
    0.83     -0.00092     0.00409      5.81e-05     0.00104
    1.13     0.00118     0.00511      0.000806     0.000293
    1.42     -0.011     0.00621      0.00117     -8.38e-05
    1.77     0.00641     0.00502      0.00114     -4.76e-05
    2.16     0.0113     0.00387      0.000477     0.000624
    2.45     0.00969     0.00477      -0.000424     0.0015
    2.65     0.000845     0.00439      -0.00109     0.00214
    2.85     0.00648     0.00436      -0.00165     0.00267
    3.04     0.0136     0.00438      -0.00197     0.00297
    3.24     0.0185     0.00441      -0.00197     0.00297
    3.44     0.00894     0.00434      -0.00165     0.00267
    3.63     0.0088     0.0045      -0.00109     0.00214
    3.83     0.0101     0.00487      -0.000424     0.0015
    4.12     0.00337     0.00387      0.000477     0.000623
    4.52     -0.00259     0.00487      0.00114     -4.76e-05
5-10 #otimes 3-4 GeV/c
Deltaphi  dN/dDeltaphi  stat.   V2_upper(red)  V2_lower (blue)
    -1.42     0.000957     0.00206      -2.64e-06     2.6e-06
    -1.13     0.00264     0.00163      -4.19e-05     4.08e-05
    -0.83     -0.000251     0.00129      -0.000122     0.000117
    -0.54     0.00394     0.00128      -0.000228     0.000214
    -0.29     0.00812     0.00155      -0.000306     0.000284
    -0.15     0.0316     0.00285      -0.000335     0.00031
    -0.05     0.0501     0.00317      -0.000344     0.000318
    0.05     0.0433     0.00304      -0.000344     0.000318
    0.15     0.033     0.0029      -0.000335     0.00031
    0.29     0.0073     0.00157      -0.000306     0.000284
    0.54     0.00442     0.00137      -0.000228     0.000214
    0.83     0.000136     0.00141      -0.000122     0.000117
    1.13     0.00342     0.00187      -4.19e-05     4.08e-05
    1.42     0.000622     0.00218      -2.64e-06     2.6e-06
    1.77     0.000609     0.00162      -6.35e-06     6.26e-06
    2.16     0.000194     0.00123      -7.73e-05     7.44e-05
    2.45     0.00321     0.00169      -0.000174     0.000164
    2.65     0.00534     0.00166      -0.000245     0.00023
    2.85     0.0079     0.00172      -0.000306     0.000284
    3.04     0.0065     0.00163      -0.000341     0.000315
    3.24     0.00671     0.00163      -0.000341     0.000315
    3.44     0.00649     0.00165      -0.000306     0.000284
    3.63     0.00316     0.0016      -0.000245     0.00023
    3.83     0.00468     0.00182      -0.000174     0.000164
    4.12     0.00118     0.00133      -7.73e-05     7.44e-05
    4.52     0.00107     0.00166      -6.35e-06     6.26e-06
5-10 #otimes 4-5 GeV/c
Deltaphi  dN/dDeltaphi  stat.   V2_upper(red)  V2_lower (blue)
    -1.42     0.000571     0.000901      -3.96e-07     3.88e-07
    -1.13     0.000535     0.000676      -6.22e-06     6.02e-06
    -0.83     0.000428     0.000538      -1.79e-05     1.7e-05
    -0.54     0.00189     0.000585      -3.29e-05     3.08e-05
    -0.29     0.00276     0.0007      -4.38e-05     4.07e-05
    -0.15     0.0114     0.00153      -4.78e-05     4.44e-05
    -0.05     0.0189     0.00185      -4.91e-05     4.55e-05
    0.05     0.025     0.00212      -4.91e-05     4.55e-05
    0.15     0.0123     0.00154      -4.78e-05     4.44e-05
    0.29     0.00281     0.000725      -4.38e-05     4.07e-05
    0.54     0.000201     0.000487      -3.29e-05     3.08e-05
    0.83     -0.000462     0.000509      -1.79e-05     1.7e-05
    1.13     0.000283     0.000686      -6.22e-06     6.02e-06
    1.42     0.00149     0.00107      -3.96e-07     3.88e-07
    1.77     -0.000191     0.000604      -9.53e-07     9.32e-07
    2.16     0.00108     0.000575      -1.14e-05     1.09e-05
    2.45     0.000964     0.000693      -2.53e-05     2.38e-05
    2.65     0.00129     0.000689      -3.53e-05     3.3e-05
    2.85     0.0017     0.000715      -4.38e-05     4.07e-05
    3.04     0.00264     0.000725      -4.86e-05     4.51e-05
    3.24     0.00473     0.00089      -4.86e-05     4.51e-05
    3.44     0.00265     0.000762      -4.38e-05     4.07e-05
    3.63     0.000774     0.000646      -3.53e-05     3.3e-05
    3.83     5.44e-05     0.000645      -2.53e-05     2.38e-05
    4.12     0.00126     0.000595      -1.14e-05     1.09e-05
    4.52     -0.000713     0.00055      -9.53e-07     9.32e-07
5-10 #otimes 5-10 GeV/c
Deltaphi  dN/dDeltaphi  stat.   V2_upper(red)  V2_lower (blue)
    -1.42     -0.000868     0.00041      -2.03e-07     1.97e-07
    -1.13     0.000964     0.000631      -3.16e-06     3.04e-06
    -0.83     6.62e-07     0.000391      -8.95e-06     8.48e-06
    -0.54     0.000295     0.000381      -1.63e-05     1.52e-05
    -0.29     0.00185     0.000566      -2.16e-05     2e-05
    -0.15     0.0147     0.00177      -2.35e-05     2.18e-05
    -0.05     0.0269     0.00238      -2.41e-05     2.23e-05
    0.05     0.0271     0.0024      -2.41e-05     2.23e-05
    0.15     0.0109     0.00148      -2.35e-05     2.18e-05
    0.29     0.00234     0.000615      -2.16e-05     2e-05
    0.54     0.000314     0.000399      -1.63e-05     1.52e-05
    0.83     0.000406     0.000464      -8.95e-06     8.48e-06
    1.13     0.000347     0.000547      -3.16e-06     3.04e-06
    1.42     0.000522     0.000709      -2.03e-07     1.97e-07
    1.77     -2.12e-05     0.000474      -4.88e-07     4.74e-07
    2.16     0.000616     0.000436      -5.74e-06     5.48e-06
    2.45     0.000249     0.000501      -1.26e-05     1.18e-05
    2.65     0.00118     0.000589      -1.75e-05     1.63e-05
    2.85     0.00141     0.000584      -2.16e-05     2e-05
    3.04     0.00738     0.00101      -2.39e-05     2.21e-05
    3.24     0.00605     0.000909      -2.39e-05     2.21e-05
    3.44     0.00202     0.000649      -2.16e-05     2e-05
    3.63     0.000928     0.000535      -1.75e-05     1.63e-05
    3.83     -0.000298     0.000437      -1.26e-05     1.18e-05
    4.12     3.99e-05     0.000375      -5.74e-06     5.48e-06
    4.52     0.00155     0.000681      -4.88e-07     4.74e-07
