2.0<p_{T}^{A}<3.0 GeV/c
p + p
pTB     RHS    errlow     errhigh
0.66    2.428    0.3333    0.0495
1.22    2.419    0.2095    0.0605
1.72    2.752    0.1262    0.1003
2.23    2.673    0.1158    0.1182
2.73    3.234    0.2225    0.2312
3.43    3.325    0.2308    0.2382
4.43    4.590    0.5881    0.6221
6.42    5.438    0.2925    0.2994
Au + Au 0-20%
pTB     RHS       staterr    v2errlow   v2errhigh    zyamerrlow    zyamhigh
0.66    0.965      0.008      0.2355       0.2113       0.00027       0.00747
1.22    0.722      0.008      0.2010       0.1805       0.00250       0.03816
1.72    0.628      0.010      0.1964       0.1764       0.00450       0.04017
2.23    0.531      0.016      0.1984       0.1780       0.00891       0.05116
2.73    0.395      0.027      0.2081       0.1982       0.02126       0.11341
3.43    0.402      0.044      0.1977       0.1918       0.03452       0.08301
4.43    0.581      0.190      0.2848       0.2775       0.11914       0.07593
6.42    0.638      0.213      0.1112       0.1139       0.11429       0.07005
3.0<p_{T}^{A}<4.0 GeV/c
p + p
pTB     RHS    errlow     errhigh
0.66    2.553    0.2414    0.1095
1.22    2.730    0.1502    0.1362
1.72    3.199    0.2419    0.2496
2.23    3.418    0.2980    0.3109
2.73    3.525    0.4069    0.4278
3.43    4.184    0.4502    0.4674
4.43    5.528    1.0094    1.0115
6.42    7.077    0.6346    0.6647
Au + Au 0-20%
pTB     RHS       staterr    v2errlow   v2errhigh    zyamerrlow    zyamhigh
0.66    1.003      0.021      0.1829       0.1742       0.00072       0.00007
1.22    0.711      0.023      0.1804       0.1692       0.00748       0.04831
1.72    0.550      0.028      0.1849       0.1664       0.01574       0.04435
2.23    0.384      0.046      0.2126       0.1902       0.03872       0.09285
2.73    0.467      0.088      0.1997       0.2079       0.06493       0.10931
3.43    0.531      0.122      0.1849       0.1661       0.07896       0.05907
4.43    2.145      1.271      0.2161       0.1655       0.47237       2.70483
6.42    2.488      1.216      0.0483       0.0421       0.56681       2.37774
4.0<p_{T}^{A}<5.0 GeV/c
p + p
pTB     RHS    errlow     errhigh
0.66    2.495    0.2633    0.1867
1.22    3.464    0.3559    0.3791
1.72    3.109    0.3314    0.3476
2.23    3.835    0.5122    0.5362
2.73    6.726    1.6548    1.9465
3.43    5.528    1.0094    1.0115
4.43    5.579    1.4037    1.4194
6.42    9.191    1.0936    1.3455
Au + Au 0-20%
pTB     RHS       staterr    v2errlow   v2errhigh    zyamerrlow    zyamhigh
0.66    1.069      0.057      0.1639       0.1569       0.00554       0.00374
1.22    0.971      0.087      0.2016       0.1806       0.00267       0.00265
1.72    0.822      0.112      0.1847       0.1844       0.02374       0.01896
2.23    0.520      0.179      0.2067       0.2229       0.13165       0.09346
2.73    0.443      0.286      0.2545       0.2253       0.30592       0.14572
3.43    2.145      1.271      0.2161       0.1655       0.47237       2.70483
4.43    1.344      0.565      0.0605       0.0557       0.10442       0.26533
6.42    2.489      0.972      0.0086       0.0077       0.35838       2.25003
5.0<p_{T}^{A}<10.0 GeV/c
p + p
pTB     RHS    errlow     errhigh
0.66    3.073    0.1596    0.1220
1.22    3.884    0.1879    0.1937
1.72    4.915    0.3058    0.3173
2.23    5.372    0.3822    0.3945
2.73    5.525    0.4411    0.4548
3.43    7.077    0.6346    0.6647
4.43    9.191    1.0936    1.3455
6.42    11.159    1.3574    1.3633
Au + Au 0-20%
pTB     RHS       staterr    v2errlow   v2errhigh    zyamerrlow    zyamhigh
0.66    1.339      0.165      0.1727       0.1692       0.03889       0.05049
1.22    0.917      0.162      0.1437       0.1401       0.01572       0.01788
1.72    0.645      0.219      0.1983       0.1667       0.11691       0.07050
2.23    0.649      0.289      0.1652       0.1409       0.16866       0.08599
2.73    0.620      0.283      0.0869       0.0793       0.17799       0.09195
3.43    2.488      1.216      0.0483       0.0421       0.56681       2.37774
4.43    2.489      0.972      0.0086       0.0077       0.35838       2.25003
6.42    2.761      1.015      0.0041       0.0036       0.43708       2.87907
