3<p_T^A<4 GeV/c
1<p_T^B<7 GeV/c
Npart  <pt>    staterr    syserrhigh  syserrlow
279.9   0.383  0.020      0.017      0.039
140.4   0.469  0.017      0.010      0.014
60.0   0.560  0.018      0.037      0.020
14.5   0.643  0.018      0.014      0.024
2.0   0.732  0.017      0.000      0.002

1.5<p_T^B<7 GeV/c
Npart  <pt>    staterr    syserrhigh  syserrlow
279.9   0.398  0.049      0.032      0.042
140.4   0.525  0.035      0.071      0.059
60.0   0.643  0.033      0.057      0.040
14.5   0.753  0.032      0.024      0.021
2.0   0.827  0.029      0.002      0.002

2<p_T^B<7 GeV/c
Npart  <pt>    staterr    syserrhigh  syserrlow
279.9   0.570  0.135      0.128      0.072
140.4   0.722  0.075      0.285      0.085
60.0   0.747  0.054      0.052      0.043
14.5   0.865  0.051      0.025      0.020
2.0   0.869  0.045      0.004      0.003

2.5<p_T^B<7 GeV/c
Npart  <pt>    staterr    syserrhigh  syserrlow
279.9   0.675  0.231      0.078      0.085
140.4   0.822  0.107      0.231      0.095
60.0   0.785  0.074      0.044      0.030
14.5   0.939  0.071      0.018      0.014
2.0   0.936  0.066      0.006      0.005

3<p_T^B<7 GeV/c
Npart  <pt>    staterr    syserrhigh  syserrlow
279.9   0.750  0.305      0.082      0.095
140.4   0.857  0.121      0.107      0.062
60.0   0.836  0.092      0.032      0.023
14.5   0.932  0.085      0.008      0.008
2.0   0.906  0.083      0.004      0.003



4<p_T^A<5 GeV/c
1<p_T^B<7 GeV/c
Npart  <pt>    staterr    syserrhigh  syserrlow
279.9   0.448  0.049      0.034      0.046
140.4   0.602  0.042      0.047      0.044
60.0   0.637  0.032      0.039      0.030
14.5   0.794  0.041      0.030      0.024
2.0   0.838  0.032      0.002      0.002

1.5<p_T^B<7 GeV/c
Npart  <pt>    staterr    syserrhigh  syserrlow
279.9   0.559  0.111      0.044      0.062
140.4   0.697  0.073      0.084      0.059
60.0   0.725  0.054      0.040      0.029
14.5   0.917  0.065      0.031      0.029
2.0   0.903  0.053      0.003      0.003

2<p_T^B<7 GeV/c
Npart  <pt>    staterr    syserrhigh  syserrlow
279.9   1.026  0.284      0.240      0.150
140.4   0.918  0.127      0.171      0.093
60.0   0.843  0.086      0.042      0.033
14.5   0.989  0.093      0.024      0.026
2.0   0.924  0.079      0.004      0.004

2.5<p_T^B<7 GeV/c
Npart  <pt>    staterr    syserrhigh  syserrlow
279.9   1.188  0.354      0.259      0.140
140.4   1.021  0.162      0.109      0.073
60.0   0.884  0.114      0.027      0.023
14.5   1.037  0.124      0.023      0.019
2.0   0.972  0.116      0.006      0.006

3<p_T^B<7 GeV/c
Npart  <pt>    staterr    syserrhigh  syserrlow
279.9   0.963  0.260      0.047      0.037
140.4   0.902  0.147      0.039      0.032
60.0   1.085  0.158      0.035      0.029
14.5   1.033  0.150      0.009      0.008
2.0   0.993  0.153      0.004      0.004
