Processing drawspectradata.C...
Differential yield in pTB, in the paper, the data are quoted as yield integrated over the pTB bin

Head region
0-20%
2.0<p_{T}^{A}<3.0 GeV/c
pTB     yield    staterr   syserrhigh  syserrlow
0.63   2.00e-01   1.26e-03     7.54e-02      5.13e-02
1.20   6.93e-02   6.23e-04     2.45e-02      2.05e-02
1.70   2.36e-02   3.27e-04     8.59e-03      7.77e-03
2.20   6.51e-03   1.66e-04     2.80e-03      2.53e-03
2.70   1.41e-03   8.82e-05     1.12e-03      7.59e-04
3.34   3.14e-04   3.13e-05     2.04e-04      1.61e-04
4.38   4.41e-05   1.24e-05     2.86e-05      2.72e-05
5.75   4.41e-06   4.10e-06     7.20e-06      6.30e-06

3.0<p_{T}^{A}<4.0 GeV/c
pTB     yield    staterr   syserrhigh  syserrlow
0.63   2.70e-01   4.08e-03     8.97e-02      4.27e-02
1.20   7.81e-02   2.02e-03     3.01e-02      2.04e-02
1.70   2.37e-02   1.06e-03     9.11e-03      8.44e-03
2.20   4.80e-03   5.37e-04     3.37e-03      2.81e-03
2.70   1.69e-03   2.86e-04     1.24e-03      8.08e-04
3.34   5.07e-04   1.02e-04     2.20e-04      2.29e-04
4.38   1.65e-04   4.03e-05     6.16e-05      6.26e-05
5.75   3.09e-05   1.35e-05     1.91e-05      1.92e-05

4.0<p_{T}^{A}<5.0 GeV/c
pTB     yield    staterr   syserrhigh  syserrlow
0.63   3.26e-01   1.23e-02     5.29e-02      4.51e-02
1.20   9.68e-02   6.11e-03     2.29e-02      2.35e-02
1.70   3.09e-02   3.21e-03     8.55e-03      7.63e-03
2.20   5.41e-03   1.63e-03     3.53e-03      3.02e-03
2.70   1.49e-03   8.67e-04     1.44e-03      1.47e-03
3.34   1.72e-03   3.11e-04     4.70e-04      4.77e-04
4.38   5.04e-04   1.24e-04     1.65e-04      1.65e-04
5.76   2.59e-04   4.25e-05     5.43e-05      5.43e-05

5.0<p_{T}^{A}<10.0 GeV/c
pTB     yield    staterr   syserrhigh  syserrlow
0.63   3.75e-01   2.90e-02     5.14e-02      5.35e-02
1.20   1.12e-01   1.44e-02     3.71e-02      2.47e-02
1.70   2.67e-02   7.54e-03     1.35e-02      1.38e-02
2.20   1.04e-02   3.86e-03     5.95e-03      6.03e-03
2.70   5.33e-03   2.04e-03     2.84e-03      2.86e-03
3.35   4.01e-03   7.37e-04     1.01e-03      1.01e-03
4.40   2.09e-03   3.18e-04     3.62e-04      3.62e-04
5.79   7.02e-04   1.12e-04     1.21e-04      1.21e-04

20-40%
2.0<p_{T}^{A}<3.0 GeV/c
pTB     yield    staterr   syserrhigh  syserrlow
0.63   1.86e-01   1.12e-03     8.11e-02      8.07e-02
1.20   6.27e-02   5.65e-04     3.40e-02      3.47e-02
1.70   2.11e-02   2.99e-04     1.40e-02      1.32e-02
2.20   5.81e-03   1.54e-04     5.94e-03      3.80e-03
2.70   1.85e-03   8.35e-05     1.58e-03      1.17e-03
3.34   4.87e-04   3.03e-05     3.04e-04      3.11e-04
4.38   1.06e-04   1.18e-05     4.29e-05      4.59e-05
5.70   2.27e-05   3.78e-06     8.42e-06      8.33e-06

3.0<p_{T}^{A}<4.0 GeV/c
pTB     yield    staterr   syserrhigh  syserrlow
0.63   2.63e-01   3.46e-03     9.01e-02      7.99e-02
1.20   7.65e-02   1.75e-03     3.68e-02      3.56e-02
1.70   2.67e-02   9.25e-04     1.67e-02      1.31e-02
2.20   6.97e-03   4.76e-04     4.18e-03      4.50e-03
2.70   2.87e-03   2.59e-04     1.57e-03      1.69e-03
3.34   1.14e-03   9.46e-05     3.57e-04      3.82e-04
4.38   3.34e-04   3.76e-05     6.29e-05      6.51e-05
5.70   1.23e-04   1.22e-05     1.67e-05      1.70e-05

4.0<p_{T}^{A}<5.0 GeV/c
pTB     yield    staterr   syserrhigh  syserrlow
0.63   2.74e-01   9.43e-03     9.99e-02      5.98e-02
1.20   7.72e-02   4.76e-03     3.40e-02      2.58e-02
1.70   3.17e-02   2.53e-03     1.27e-02      1.02e-02
2.20   1.02e-02   1.30e-03     4.16e-03      4.43e-03
2.71   3.89e-03   7.08e-04     1.53e-03      1.61e-03
3.35   2.51e-03   2.64e-04     4.67e-04      4.85e-04
4.39   1.31e-03   1.11e-04     1.35e-04      1.36e-04
5.72   2.29e-04   3.73e-05     4.56e-05      4.57e-05

5.0<p_{T}^{A}<10.0 GeV/c
pTB     yield    staterr   syserrhigh  syserrlow
0.63   3.58e-01   2.39e-02     9.43e-02      6.49e-02
1.20   7.57e-02   1.21e-02     3.04e-02      2.82e-02
1.70   2.17e-02   6.40e-03     1.60e-02      1.69e-02
2.20   9.24e-03   3.32e-03     6.03e-03      5.32e-03
2.71   1.19e-02   1.87e-03     3.06e-03      2.37e-03
3.36   6.53e-03   7.17e-04     8.80e-04      8.88e-04
4.40   2.57e-03   3.29e-04     3.50e-04      3.50e-04
5.77   1.06e-03   1.25e-04     1.06e-04      1.06e-04

40-60%
2.0<p_{T}^{A}<3.0 GeV/c
pTB     yield    staterr   syserrhigh  syserrlow
0.63   1.25e-01   1.11e-03     4.74e-02      4.25e-02
1.20   4.48e-02   5.53e-04     2.07e-02      1.78e-02
1.70   1.76e-02   2.92e-04     6.64e-03      6.53e-03
2.20   6.86e-03   1.52e-04     2.04e-03      2.08e-03
2.71   2.54e-03   8.38e-05     7.25e-04      7.03e-04
3.35   8.14e-04   3.13e-05     1.64e-04      1.60e-04
4.38   2.04e-04   1.26e-05     2.86e-05      3.02e-05
5.70   5.26e-05   4.18e-06     6.97e-06      7.25e-06

3.0<p_{T}^{A}<4.0 GeV/c
pTB     yield    staterr   syserrhigh  syserrlow
0.63   1.98e-01   3.28e-03     4.50e-02      4.21e-02
1.20   6.66e-02   1.64e-03     1.75e-02      1.78e-02
1.70   2.45e-02   8.69e-04     7.00e-03      6.58e-03
2.20   9.15e-03   4.55e-04     2.25e-03      2.02e-03
2.71   4.59e-03   2.54e-04     7.83e-04      8.36e-04
3.36   1.71e-03   9.56e-05     2.06e-04      2.14e-04
4.39   4.38e-04   4.04e-05     5.50e-05      5.60e-05
5.70   1.68e-04   1.47e-05     1.92e-05      1.58e-05

4.0<p_{T}^{A}<5.0 GeV/c
pTB     yield    staterr   syserrhigh  syserrlow
0.63   2.38e-01   8.44e-03     5.19e-02      3.90e-02
1.20   9.26e-02   4.24e-03     1.79e-02      1.84e-02
1.70   3.80e-02   2.26e-03     6.07e-03      6.45e-03
2.21   1.50e-02   1.19e-03     2.46e-03      2.59e-03
2.71   9.17e-03   6.74e-04     1.04e-03      1.07e-03
3.37   2.43e-03   2.63e-04     3.57e-04      3.63e-04
4.40   1.21e-03   1.21e-04     1.30e-04      1.25e-04
5.71   4.44e-04   4.77e-05     3.43e-05      3.44e-05

5.0<p_{T}^{A}<10.0 GeV/c
pTB     yield    staterr   syserrhigh  syserrlow
0.63   2.61e-01   2.16e-02     4.48e-02      4.73e-02
1.20   1.39e-01   1.10e-02     5.58e-02      1.89e-02
1.70   4.79e-02   5.85e-03     1.01e-02      1.05e-02
2.21   3.18e-02   3.19e-03     4.36e-03      4.45e-03
2.71   1.06e-02   1.79e-03     2.28e-03      2.30e-03
3.39   7.76e-03   7.88e-04     7.77e-04      7.80e-04
4.41   3.18e-03   4.06e-04     2.88e-04      2.88e-04
5.74   9.34e-04   1.59e-04     6.36e-05      6.36e-05

60-92%
2.0<p_{T}^{A}<3.0 GeV/c
pTB     yield    staterr   syserrhigh  syserrlow
0.63   1.01e-01   1.12e-03     1.95e-02      1.92e-02
1.20   3.98e-02   5.51e-04     8.08e-03      7.11e-03
1.70   1.65e-02   2.92e-04     2.62e-03      2.56e-03
2.21   7.29e-03   1.55e-04     7.35e-04      8.12e-04
2.71   2.96e-03   8.92e-05     3.00e-04      3.41e-04
3.36   9.76e-04   3.52e-05     8.70e-05      9.72e-05
4.39   2.63e-04   1.56e-05     2.51e-05      2.76e-05
5.70   8.96e-05   5.66e-06     5.46e-06      5.56e-06

3.0<p_{T}^{A}<4.0 GeV/c
pTB     yield    staterr   syserrhigh  syserrlow
0.63   1.49e-01   3.24e-03     2.57e-02      1.85e-02
1.20   6.75e-02   1.61e-03     1.12e-02      6.93e-03
1.71   2.64e-02   8.64e-04     2.92e-03      2.93e-03
2.21   1.12e-02   4.72e-04     1.08e-03      1.16e-03
2.71   5.26e-03   2.78e-04     4.54e-04      4.94e-04
3.38   2.56e-03   1.18e-04     1.36e-04      1.43e-04
4.40   7.84e-04   5.58e-05     4.88e-05      5.01e-05
5.73   3.12e-04   2.41e-05     1.76e-05      1.78e-05

4.0<p_{T}^{A}<5.0 GeV/c
pTB     yield    staterr   syserrhigh  syserrlow
0.63   1.77e-01   8.18e-03     4.60e-02      2.71e-02
1.20   7.52e-02   4.12e-03     9.75e-03      9.67e-03
1.71   3.23e-02   2.24e-03     4.12e-03      4.06e-03
2.21   1.67e-02   1.26e-03     1.88e-03      1.72e-03
2.71   9.01e-03   7.80e-04     9.28e-04      9.74e-04
3.39   4.62e-03   3.43e-04     2.91e-04      2.98e-04
4.42   1.54e-03   1.83e-04     1.18e-04      1.15e-04
5.74   7.21e-04   8.80e-05     3.43e-05      3.44e-05

5.0<p_{T}^{A}<10.0 GeV/c
pTB     yield    staterr   syserrhigh  syserrlow
0.63   2.47e-01   2.10e-02     4.16e-02      3.99e-02
1.21   1.48e-01   1.10e-02     2.04e-02      1.80e-02
1.71   6.01e-02   6.17e-03     7.58e-03      7.42e-03
2.22   3.89e-02   3.66e-03     3.60e-03      3.72e-03
2.72   1.90e-02   2.29e-03     1.99e-03      2.01e-03
3.38   1.17e-02   1.24e-03     7.99e-04      8.00e-04
4.41   5.09e-03   8.76e-04     3.59e-04      3.59e-04
5.79   1.53e-03   3.66e-04     1.81e-04      1.81e-04

pp
2.0<p_{T}^{A}<3.0 GeV/c
pTB     yield    staterr   syserrhigh  syserrlow
0.64   1.04e-01   7.70e-04     1.29e-02      8.37e-04
1.21   4.08e-02   3.79e-04     2.82e-03      3.85e-04
1.71   1.73e-02   2.17e-04     3.63e-04      1.99e-04
2.21   7.62e-03   1.28e-04     1.05e-04      1.05e-04
2.72   3.42e-03   8.07e-05     6.16e-05      6.16e-05
3.38   1.33e-03   3.32e-05     2.17e-05      2.17e-05
4.41   4.17e-04   1.72e-05     8.36e-06      8.36e-06
5.74   1.12e-04   6.38e-06     2.39e-06      2.39e-06

3.0<p_{T}^{A}<4.0 GeV/c
pTB     yield    staterr   syserrhigh  syserrlow
0.64   1.53e-01   2.32e-03     1.01e-02      2.40e-03
1.21   6.91e-02   1.22e-03     1.56e-03      1.09e-03
1.72   2.90e-02   7.25e-04     5.97e-04      5.75e-04
2.22   1.55e-02   4.72e-04     3.14e-04      3.14e-04
2.72   7.06e-03   3.00e-04     1.76e-04      1.76e-04
3.41   3.64e-03   1.45e-04     6.33e-05      6.33e-05
4.41   1.16e-03   7.90e-05     7.91e-06      7.91e-06
5.74   3.57e-04   3.27e-05     2.41e-06      2.41e-06

4.0<p_{T}^{A}<5.0 GeV/c
pTB     yield    staterr   syserrhigh  syserrlow
0.65   2.01e-01   5.58e-03     1.35e-02      5.44e-03
1.21   9.67e-02   3.12e-03     2.48e-03      2.47e-03
1.72   4.68e-02   1.93e-03     1.27e-03      1.27e-03
2.23   2.72e-02   1.36e-03     6.50e-04      6.50e-04
2.73   1.43e-02   9.51e-04     4.13e-04      4.13e-04
3.40   6.29e-03   4.38e-04     1.35e-04      1.35e-04
4.42   2.53e-03   2.67e-04     3.64e-05      3.64e-05
5.81   7.75e-04   1.19e-04     7.35e-06      7.35e-06

5.0<p_{T}^{A}<10.0 GeV/c
pTB     yield    staterr   syserrhigh  syserrlow
0.66   2.52e-01   3.19e-03     5.38e-03      2.89e-03
1.22   1.35e-01   1.95e-03     1.40e-03      1.40e-03
1.72   7.58e-02   1.34e-03     7.52e-04      7.52e-04
2.23   4.24e-02   9.52e-04     3.93e-04      3.93e-04
2.73   2.59e-02   7.27e-04     2.49e-04      2.49e-04
3.43   1.27e-02   3.69e-04     1.15e-04      1.15e-04
4.43   5.76e-03   2.83e-04     3.06e-05      3.06e-05
5.79   1.94e-03   1.44e-04     5.31e-06      5.31e-06



Shoulder region
0-20%
2.0<p_{T}^{A}<3.0 GeV/c
pTB     yield    staterr   syserrhigh  syserrlow
0.63   4.13e-01   2.37e-03     1.13e-01      7.83e-03
1.20   1.92e-01   1.29e-03     3.08e-02      4.74e-03
1.70   7.53e-02   6.87e-04     9.26e-03      1.91e-03
2.20   2.45e-02   3.51e-04     3.04e-03      7.15e-04
2.70   7.15e-03   1.87e-04     1.66e-03      2.51e-04
3.34   1.56e-03   6.52e-05     2.54e-04      8.55e-05
4.38   1.52e-04   2.56e-05     3.40e-05      3.36e-05
5.75   4.58e-05   8.37e-06     1.14e-05      1.11e-05

3.0<p_{T}^{A}<4.0 GeV/c
pTB     yield    staterr   syserrhigh  syserrlow
0.63   5.38e-01   7.70e-03     1.48e-01      1.29e-02
1.20   2.20e-01   4.19e-03     4.43e-02      5.72e-03
1.70   8.63e-02   2.23e-03     9.59e-03      3.43e-03
2.20   2.50e-02   1.14e-03     4.47e-03      1.59e-03
2.70   7.23e-03   6.09e-04     1.87e-03      7.94e-04
3.34   1.91e-03   2.13e-04     2.78e-04      2.78e-04
4.38   1.54e-04   8.32e-05     1.09e-04      1.09e-04
5.75   1.76e-05   2.71e-05     3.64e-05      3.64e-05

4.0<p_{T}^{A}<5.0 GeV/c
pTB     yield    staterr   syserrhigh  syserrlow
0.63   6.10e-01   2.32e-02     5.56e-02      3.14e-02
1.20   1.99e-01   1.26e-02     2.05e-02      1.74e-02
1.70   7.53e-02   6.71e-03     9.25e-03      8.87e-03
2.20   2.08e-02   3.43e-03     5.08e-03      4.50e-03
2.70   6.71e-03   1.83e-03     2.39e-03      2.39e-03
3.34   1.76e-03   6.34e-04     8.42e-04      8.43e-04
4.38   7.50e-04   2.55e-04     3.26e-04      3.26e-04
5.76   2.30e-04   8.22e-05     1.08e-04      1.08e-04

5.0<p_{T}^{A}<10.0 GeV/c
pTB     yield    staterr   syserrhigh  syserrlow
0.63   5.60e-01   5.40e-02     7.44e-02      7.42e-02
1.20   2.44e-01   2.92e-02     6.76e-02      3.91e-02
1.70   8.29e-02   1.56e-02     2.10e-02      2.10e-02
2.20   3.22e-02   8.01e-03     1.05e-02      1.06e-02
2.70   1.72e-02   4.30e-03     5.49e-03      5.49e-03
3.35   3.22e-03   1.46e-03     1.98e-03      1.98e-03
4.40   1.68e-03   6.04e-04     7.23e-04      7.23e-04
5.79   3.54e-04   1.77e-04     2.42e-04      2.42e-04

20-40%
2.0<p_{T}^{A}<3.0 GeV/c
pTB     yield    staterr   syserrhigh  syserrlow
0.63   3.27e-01   2.08e-03     5.60e-02      1.79e-02
1.20   1.54e-01   1.14e-03     2.24e-02      7.89e-03
1.70   5.89e-02   6.09e-04     1.41e-02      3.09e-03
2.20   1.88e-02   3.14e-04     8.82e-03      4.09e-04
2.70   5.99e-03   1.71e-04     1.85e-03      2.44e-04
3.34   1.33e-03   6.05e-05     1.24e-04      1.06e-04
4.38   2.20e-04   2.37e-05     3.21e-05      3.23e-05
5.70   3.84e-05   7.48e-06     9.92e-06      9.81e-06

3.0<p_{T}^{A}<4.0 GeV/c
pTB     yield    staterr   syserrhigh  syserrlow
0.63   4.35e-01   6.44e-03     9.38e-02      1.49e-02
1.20   1.74e-01   3.53e-03     3.27e-02      9.06e-03
1.70   7.19e-02   1.89e-03     2.23e-02      3.21e-03
2.20   2.01e-02   9.75e-04     1.58e-03      1.62e-03
2.70   6.47e-03   5.28e-04     9.58e-04      9.85e-04
3.34   1.95e-03   1.88e-04     2.84e-04      2.89e-04
4.38   2.87e-04   7.38e-05     9.53e-05      9.54e-05
5.70   9.73e-05   2.28e-05     3.00e-05      3.00e-05

4.0<p_{T}^{A}<5.0 GeV/c
pTB     yield    staterr   syserrhigh  syserrlow
0.63   4.67e-01   1.76e-02     1.41e-01      2.83e-02
1.20   1.82e-01   9.63e-03     3.17e-02      1.42e-02
1.70   6.67e-02   5.15e-03     1.32e-02      6.86e-03
2.20   2.02e-02   2.66e-03     3.55e-03      3.56e-03
2.71   7.37e-03   1.45e-03     1.87e-03      1.88e-03
3.35   2.78e-03   5.14e-04     6.91e-04      6.93e-04
4.39   9.06e-04   2.02e-04     2.57e-04      2.57e-04
5.72   1.16e-05   6.17e-05     8.98e-05      8.98e-05

5.0<p_{T}^{A}<10.0 GeV/c
pTB     yield    staterr   syserrhigh  syserrlow
0.63   5.37e-01   4.42e-02     1.35e-01      6.02e-02
1.20   1.98e-01   2.42e-02     3.30e-02      3.22e-02
1.70   1.94e-02   1.28e-02     1.87e-02      1.88e-02
2.20   1.23e-02   6.65e-03     9.00e-03      8.83e-03
2.71   1.01e-02   3.66e-03     6.06e-03      4.63e-03
3.36   3.25e-03   1.28e-03     1.67e-03      1.67e-03
4.40   8.49e-04   4.99e-04     6.95e-04      6.95e-04
5.77   3.26e-04   1.55e-04     2.12e-04      2.12e-04

40-60%
2.0<p_{T}^{A}<3.0 GeV/c
pTB     yield    staterr   syserrhigh  syserrlow
0.63   1.81e-01   2.04e-03     3.20e-02      9.76e-03
1.20   8.06e-02   1.10e-03     1.83e-02      4.29e-03
1.70   3.08e-02   5.83e-04     5.76e-03      1.67e-03
2.20   1.15e-02   3.03e-04     8.37e-04      6.18e-04
2.71   3.48e-03   1.67e-04     3.76e-04      2.83e-04
3.35   9.52e-04   6.06e-05     1.01e-04      8.63e-05
4.38   2.08e-04   2.43e-05     3.31e-05      3.33e-05
5.70   3.41e-05   7.77e-06     1.05e-05      1.05e-05

3.0<p_{T}^{A}<4.0 GeV/c
pTB     yield    staterr   syserrhigh  syserrlow
0.63   2.80e-01   6.05e-03     4.55e-02      1.23e-02
1.20   1.10e-01   3.28e-03     1.29e-02      5.87e-03
1.70   3.71e-02   1.74e-03     4.58e-03      2.70e-03
2.20   1.06e-02   9.06e-04     1.50e-03      1.18e-03
2.71   4.93e-03   5.01e-04     7.09e-04      7.16e-04
3.36   1.63e-03   1.81e-04     2.49e-04      2.48e-04
4.39   2.47e-04   7.34e-05     9.79e-05      9.80e-05
5.70   4.50e-05   2.41e-05     3.72e-05      3.10e-05

4.0<p_{T}^{A}<5.0 GeV/c
pTB     yield    staterr   syserrhigh  syserrlow
0.63   3.05e-01   1.56e-02     7.70e-02      2.24e-02
1.20   1.40e-01   8.43e-03     1.36e-02      1.30e-02
1.70   4.82e-02   4.48e-03     5.95e-03      5.97e-03
2.21   1.72e-02   2.34e-03     3.12e-03      3.13e-03
2.71   7.57e-03   1.28e-03     1.65e-03      1.66e-03
3.37   9.42e-04   4.72e-04     6.40e-04      6.41e-04
4.40   5.53e-04   1.90e-04     2.62e-04      2.52e-04
5.71   1.87e-04   6.67e-05     6.82e-05      6.82e-05

5.0<p_{T}^{A}<10.0 GeV/c
pTB     yield    staterr   syserrhigh  syserrlow
0.63   3.20e-01   3.97e-02     5.38e-02      5.39e-02
1.20   1.32e-01   2.14e-02     1.09e-01      2.86e-02
1.70   3.18e-02   1.14e-02     1.54e-02      1.54e-02
2.21   2.73e-02   6.09e-03     7.69e-03      7.70e-03
2.71   3.18e-03   3.28e-03     4.35e-03      4.35e-03
3.39   3.08e-03   1.25e-03     1.52e-03      1.52e-03
4.41   1.24e-03   5.09e-04     5.76e-04      5.76e-04
5.74   3.84e-04   2.06e-04     1.27e-04      1.27e-04

60-92%
2.0<p_{T}^{A}<3.0 GeV/c
pTB     yield    staterr   syserrhigh  syserrlow
0.63   1.05e-01   2.06e-03     1.80e-02      8.33e-03
1.20   4.57e-02   1.09e-03     9.70e-03      2.13e-03
1.70   1.74e-02   5.75e-04     1.48e-03      9.33e-04
2.21   6.87e-03   3.02e-04     5.12e-04      4.21e-04
2.71   2.25e-03   1.70e-04     2.49e-04      2.57e-04
3.36   5.75e-04   6.35e-05     9.09e-05      9.29e-05
4.39   1.25e-04   2.65e-05     3.55e-05      3.58e-05
5.70   5.85e-05   9.06e-06     1.08e-05      1.07e-05

3.0<p_{T}^{A}<4.0 GeV/c
pTB     yield    staterr   syserrhigh  syserrlow
0.63   1.52e-01   5.92e-03     4.03e-02      8.84e-03
1.20   7.17e-02   3.15e-03     1.82e-02      4.05e-03
1.71   2.25e-02   1.66e-03     2.52e-03      2.20e-03
2.21   7.55e-03   8.86e-04     1.20e-03      1.19e-03
2.71   2.83e-03   4.98e-04     6.48e-04      6.54e-04
3.38   1.18e-03   1.83e-04     2.26e-04      2.27e-04
4.40   3.02e-04   7.38e-05     9.19e-05      9.20e-05
5.73   6.56e-05   2.51e-05     3.43e-05      3.43e-05

4.0<p_{T}^{A}<5.0 GeV/c
pTB     yield    staterr   syserrhigh  syserrlow
0.63   1.51e-01   1.48e-02     7.98e-02      2.05e-02
1.20   6.56e-02   7.86e-03     1.19e-02      1.02e-02
1.71   2.86e-02   4.24e-03     5.63e-03      5.37e-03
2.21   8.60e-03   2.20e-03     2.86e-03      2.80e-03
2.71   4.63e-03   1.31e-03     1.63e-03      1.64e-03
3.39   1.90e-03   4.54e-04     5.51e-04      5.52e-04
4.42   6.30e-04   2.14e-04     2.36e-04      2.28e-04
5.74   6.73e-05   6.59e-05     6.86e-05      6.86e-05

5.0<p_{T}^{A}<10.0 GeV/c
pTB     yield    staterr   syserrhigh  syserrlow
0.63   2.71e-01   3.77e-02     6.45e-02      5.00e-02
1.21   1.10e-01   1.98e-02     3.49e-02      2.52e-02
1.71   4.35e-02   1.11e-02     1.40e-02      1.35e-02
2.22   2.23e-02   5.76e-03     6.66e-03      6.67e-03
2.72   1.12e-02   3.12e-03     3.89e-03      3.89e-03
3.38   1.77e-03   1.09e-03     1.60e-03      1.60e-03
4.41   4.09e-04   7.55e-04     7.19e-04      7.19e-04
5.79   -1.28e-04   1.38e-04     3.63e-04      3.63e-04

pp
2.0<p_{T}^{A}<3.0 GeV/c
pTB     yield    staterr   syserrhigh  syserrlow
0.64   8.56e-02   1.28e-03     2.58e-02      1.67e-03
1.21   3.38e-02   6.33e-04     5.65e-03      7.70e-04
1.71   1.26e-02   3.42e-04     7.25e-04      3.97e-04
2.21   5.70e-03   1.90e-04     2.09e-04      2.09e-04
2.72   2.12e-03   1.11e-04     1.23e-04      1.23e-04
3.38   7.99e-04   4.30e-05     4.34e-05      4.34e-05
4.41   1.81e-04   1.85e-05     1.67e-05      1.67e-05
5.74   3.61e-05   5.60e-06     4.79e-06      4.79e-06

3.0<p_{T}^{A}<4.0 GeV/c
pTB     yield    staterr   syserrhigh  syserrlow
0.64   1.20e-01   3.73e-03     2.03e-02      4.80e-03
1.21   5.06e-02   1.87e-03     3.13e-03      2.19e-03
1.72   1.82e-02   1.04e-03     1.19e-03      1.15e-03
2.22   9.04e-03   6.11e-04     6.27e-04      6.27e-04
2.72   4.01e-03   3.62e-04     3.52e-04      3.52e-04
3.41   1.74e-03   1.49e-04     1.27e-04      1.27e-04
4.41   4.20e-04   7.01e-05     1.58e-05      1.58e-05
5.74   9.38e-05   2.18e-05     4.82e-06      4.82e-06

4.0<p_{T}^{A}<5.0 GeV/c
pTB     yield    staterr   syserrhigh  syserrlow
0.65   1.61e-01   8.73e-03     2.70e-02      1.09e-02
1.21   5.58e-02   4.37e-03     4.96e-03      4.95e-03
1.72   3.01e-02   2.49e-03     2.55e-03      2.55e-03
2.23   1.42e-02   1.52e-03     1.30e-03      1.30e-03
2.73   4.24e-03   8.13e-04     8.27e-04      8.27e-04
3.40   2.46e-03   4.06e-04     2.69e-04      2.69e-04
4.42   9.06e-04   1.99e-04     7.29e-05      7.29e-05
5.81   2.10e-04   6.44e-05     1.47e-05      1.47e-05

5.0<p_{T}^{A}<10.0 GeV/c
pTB     yield    staterr   syserrhigh  syserrlow
0.66   1.64e-01   4.66e-03     1.08e-02      5.78e-03
1.22   6.94e-02   2.50e-03     2.81e-03      2.81e-03
1.72   3.08e-02   1.44e-03     1.50e-03      1.50e-03
2.23   1.58e-02   8.73e-04     7.87e-04      7.87e-04
2.73   9.36e-03   5.83e-04     4.97e-04      4.97e-04
3.43   3.58e-03   2.41e-04     2.29e-04      2.29e-04
4.43   1.25e-03   1.29e-04     6.12e-05      6.12e-05
5.79   3.62e-04   4.96e-05     1.06e-05      1.06e-05



Near-side region
0-20%
2.0<p_{T}^{A}<3.0 GeV/c
pTB     yield    staterr   syserrhigh  syserrlow
0.63   3.74e-01   1.87e-03     1.33e-01      7.05e-02
1.20   1.83e-01   9.44e-04     4.06e-02      2.86e-02
1.70   8.95e-02   4.98e-04     1.36e-02      1.08e-02
2.20   3.58e-02   2.54e-04     4.45e-03      3.53e-03
2.70   1.25e-02   1.35e-04     1.96e-03      1.03e-03
3.34   3.38e-03   4.80e-05     3.36e-04      2.22e-04
4.38   5.65e-04   1.89e-05     4.66e-05      4.35e-05
5.75   8.92e-05   6.20e-06     1.28e-05      1.15e-05
8.18   4.14e-06   9.29e-07     2.23e-06      1.62e-06

3.0<p_{T}^{A}<4.0 GeV/c
pTB     yield    staterr   syserrhigh  syserrlow
0.63   4.08e-01   6.05e-03     1.63e-01      5.15e-02
1.20   2.18e-01   3.06e-03     5.26e-02      2.77e-02
1.70   1.20e-01   1.62e-03     1.44e-02      1.19e-02
2.20   5.03e-02   8.25e-04     5.66e-03      4.03e-03
2.70   1.99e-02   4.41e-04     2.18e-03      1.18e-03
3.34   6.71e-03   1.58e-04     3.64e-04      3.74e-04
4.38   1.49e-03   6.29e-05     1.17e-04      1.18e-04
5.75   3.22e-04   2.09e-05     3.74e-05      3.75e-05
8.17   3.42e-05   3.26e-06     5.23e-06      5.23e-06

4.0<p_{T}^{A}<5.0 GeV/c
pTB     yield    staterr   syserrhigh  syserrlow
0.63   4.17e-01   1.82e-02     7.98e-02      5.93e-02
1.20   2.37e-01   9.19e-03     3.50e-02      3.49e-02
1.70   1.32e-01   4.86e-03     1.33e-02      1.15e-02
2.20   6.18e-02   2.48e-03     6.07e-03      5.09e-03
2.70   2.84e-02   1.33e-03     2.63e-03      2.67e-03
3.34   1.25e-02   4.83e-04     8.96e-04      9.04e-04
4.38   3.63e-03   1.98e-04     3.28e-04      3.28e-04
5.76   1.17e-03   6.62e-05     1.08e-04      1.08e-04
8.12   8.76e-05   1.15e-05     1.55e-05      1.55e-05

5.0<p_{T}^{A}<10.0 GeV/c
pTB     yield    staterr   syserrhigh  syserrlow
0.63   3.40e-01   4.24e-02     8.46e-02      8.64e-02
1.20   2.34e-01   2.15e-02     7.01e-02      4.30e-02
1.70   1.69e-01   1.14e-02     2.44e-02      2.47e-02
2.20   6.10e-02   5.82e-03     1.13e-02      1.14e-02
2.70   4.54e-02   3.14e-03     5.58e-03      5.60e-03
3.35   2.22e-02   1.17e-03     2.00e-03      2.00e-03
4.40   8.47e-03   5.15e-04     7.24e-04      7.24e-04
5.79   2.88e-03   1.81e-04     2.42e-04      2.42e-04
8.03   2.75e-04   4.33e-05     7.63e-05      7.63e-05

20-40%
2.0<p_{T}^{A}<3.0 GeV/c
pTB     yield    staterr   syserrhigh  syserrlow
0.63   3.79e-01   1.66e-03     1.19e-01      1.12e-01
1.20   1.66e-01   8.50e-04     4.91e-02      4.75e-02
1.70   7.59e-02   4.52e-04     2.17e-02      1.79e-02
2.20   2.95e-02   2.33e-04     1.03e-02      4.84e-03
2.70   1.12e-02   1.27e-04     2.53e-03      1.45e-03
3.34   3.23e-03   4.61e-05     4.27e-04      4.23e-04
4.38   6.46e-04   1.81e-05     6.26e-05      6.62e-05
5.70   1.18e-04   5.72e-06     1.35e-05      1.31e-05
8.10   8.08e-06   8.66e-07     1.44e-06      1.44e-06

3.0<p_{T}^{A}<4.0 GeV/c
pTB     yield    staterr   syserrhigh  syserrlow
0.63   4.22e-01   5.11e-03     1.41e-01      1.09e-01
1.20   1.99e-01   2.63e-03     5.55e-02      4.87e-02
1.70   1.04e-01   1.40e-03     2.80e-02      1.75e-02
2.20   4.34e-02   7.26e-04     5.74e-03      6.15e-03
2.70   1.95e-02   3.97e-04     2.29e-03      2.44e-03
3.34   6.81e-03   1.46e-04     5.39e-04      5.70e-04
4.38   1.64e-03   5.85e-05     1.10e-04      1.12e-04
5.70   4.61e-04   1.88e-05     3.18e-05      3.20e-05
8.15   2.79e-05   3.12e-06     4.61e-06      4.61e-06

4.0<p_{T}^{A}<5.0 GeV/c
pTB     yield    staterr   syserrhigh  syserrlow
0.63   3.78e-01   1.38e-02     1.71e-01      7.45e-02
1.20   2.06e-01   7.13e-03     5.17e-02      3.22e-02
1.70   1.12e-01   3.80e-03     1.94e-02      1.32e-02
2.20   5.59e-02   1.98e-03     6.20e-03      6.50e-03
2.71   2.73e-02   1.09e-03     2.48e-03      2.57e-03
3.35   1.20e-02   4.09e-04     8.23e-04      8.43e-04
4.39   4.12e-03   1.72e-04     2.64e-04      2.65e-04
5.72   1.08e-03   6.00e-05     9.05e-05      9.07e-05
8.06   9.17e-05   1.13e-05     5.88e-06      5.88e-06

5.0<p_{T}^{A}<10.0 GeV/c
pTB     yield    staterr   syserrhigh  syserrlow
0.63   4.22e-01   3.49e-02     1.63e-01      9.35e-02
1.20   2.21e-01   1.80e-02     4.67e-02      4.23e-02
1.70   1.31e-01   9.67e-03     2.64e-02      2.75e-02
2.20   6.81e-02   5.06e-03     1.06e-02      9.49e-03
2.71   4.28e-02   2.81e-03     6.03e-03      4.60e-03
3.36   2.14e-02   1.09e-03     1.71e-03      1.72e-03
4.40   8.49e-03   5.17e-04     6.97e-04      6.98e-04
5.77   3.41e-03   2.09e-04     2.12e-04      2.12e-04
8.00   2.39e-04   5.94e-05     6.42e-05      6.42e-05

40-60%
2.0<p_{T}^{A}<3.0 GeV/c
pTB     yield    staterr   syserrhigh  syserrlow
0.63   2.62e-01   1.63e-03     7.12e-02      5.85e-02
1.20   1.16e-01   8.29e-04     3.18e-02      2.43e-02
1.70   5.31e-02   4.39e-04     9.89e-03      8.81e-03
2.20   2.24e-02   2.29e-04     2.84e-03      2.81e-03
2.71   8.91e-03   1.27e-04     1.04e-03      9.65e-04
3.35   2.77e-03   4.73e-05     2.38e-04      2.22e-04
4.38   6.79e-04   1.92e-05     4.64e-05      4.83e-05
5.70   1.43e-04   6.24e-06     1.24e-05      1.27e-05
8.12   8.74e-06   1.04e-06     1.60e-06      1.56e-06

3.0<p_{T}^{A}<4.0 GeV/c
pTB     yield    staterr   syserrhigh  syserrlow
0.63   3.20e-01   4.82e-03     7.01e-02      5.83e-02
1.20   1.51e-01   2.46e-03     2.55e-02      2.44e-02
1.70   7.55e-02   1.31e-03     1.03e-02      9.03e-03
2.20   3.06e-02   6.87e-04     3.30e-03      2.76e-03
2.71   1.68e-02   3.89e-04     1.20e-03      1.26e-03
3.36   6.41e-03   1.48e-04     3.40e-04      3.48e-04
4.39   1.85e-03   6.46e-05     1.04e-04      1.05e-04
5.70   4.47e-04   2.18e-05     3.78e-05      3.11e-05
8.07   3.87e-05   4.02e-06     3.77e-06      3.77e-06

4.0<p_{T}^{A}<5.0 GeV/c
pTB     yield    staterr   syserrhigh  syserrlow
0.63   3.43e-01   1.24e-02     9.06e-02      5.59e-02
1.20   1.96e-01   6.31e-03     2.71e-02      2.73e-02
1.70   1.04e-01   3.38e-03     9.29e-03      9.73e-03
2.21   4.88e-02   1.79e-03     4.10e-03      4.25e-03
2.71   2.94e-02   1.03e-03     1.88e-03      1.91e-03
3.37   1.08e-02   4.16e-04     6.78e-04      6.85e-04
4.40   3.31e-03   1.81e-04     2.61e-04      2.51e-04
5.71   1.20e-03   7.00e-05     6.84e-05      6.85e-05
8.13   6.57e-05   1.43e-05     1.44e-05      1.44e-05

5.0<p_{T}^{A}<10.0 GeV/c
pTB     yield    staterr   syserrhigh  syserrlow
0.63   3.45e-01   3.15e-02     7.30e-02      7.58e-02
1.20   2.30e-01   1.61e-02     1.10e-01      3.20e-02
1.70   1.36e-01   8.79e-03     1.80e-02      1.85e-02
2.21   7.22e-02   4.70e-03     8.23e-03      8.33e-03
2.71   3.93e-02   2.79e-03     4.46e-03      4.48e-03
3.39   2.18e-02   1.20e-03     1.54e-03      1.54e-03
4.41   8.98e-03   6.32e-04     5.76e-04      5.76e-04
5.74   3.31e-03   4.57e-04     1.27e-04      1.27e-04
8.09   2.23e-04   7.18e-05     2.55e-05      2.55e-05

60-92%
2.0<p_{T}^{A}<3.0 GeV/c
pTB     yield    staterr   syserrhigh  syserrlow
0.63   1.92e-01   1.66e-03     3.08e-02      2.79e-02
1.20   8.56e-02   8.26e-04     1.32e-02      9.77e-03
1.70   3.87e-02   4.38e-04     3.85e-03      3.52e-03
2.21   1.69e-02   2.33e-04     1.07e-03      1.14e-03
2.71   7.27e-03   1.34e-04     4.59e-04      5.11e-04
3.36   2.52e-03   5.29e-05     1.40e-04      1.52e-04
4.39   6.63e-04   2.33e-05     4.36e-05      4.64e-05
5.70   1.68e-04   7.83e-06     1.06e-05      1.06e-05
8.01   9.68e-06   1.37e-06     1.85e-06      1.85e-06

3.0<p_{T}^{A}<4.0 GeV/c
pTB     yield    staterr   syserrhigh  syserrlow
0.63   2.29e-01   4.75e-03     4.59e-02      2.62e-02
1.20   1.21e-01   2.38e-03     2.03e-02      9.45e-03
1.71   5.82e-02   1.29e-03     4.48e-03      4.27e-03
2.21   2.80e-02   7.10e-04     1.75e-03      1.84e-03
2.71   1.38e-02   4.19e-04     7.92e-04      8.37e-04
3.38   6.11e-03   1.74e-04     2.50e-04      2.58e-04
4.40   2.11e-03   8.63e-05     9.49e-05      9.61e-05
5.73   5.81e-04   3.26e-05     3.47e-05      3.49e-05
8.01   2.05e-05   6.19e-06     9.66e-06      9.66e-06

4.0<p_{T}^{A}<5.0 GeV/c
pTB     yield    staterr   syserrhigh  syserrlow
0.63   2.30e-01   1.18e-02     8.60e-02      4.00e-02
1.20   1.25e-01   6.00e-03     1.53e-02      1.41e-02
1.71   7.81e-02   3.33e-03     6.83e-03      6.46e-03
2.21   3.91e-02   1.84e-03     3.34e-03      3.04e-03
2.71   2.31e-02   1.17e-03     1.75e-03      1.80e-03
3.39   1.23e-02   5.23e-04     5.67e-04      5.74e-04
4.42   3.84e-03   2.68e-04     2.36e-04      2.28e-04
5.74   1.17e-03   1.12e-04     6.85e-05      6.85e-05
7.99   9.51e-05   2.75e-05     8.88e-06      8.88e-06

5.0<p_{T}^{A}<10.0 GeV/c
pTB     yield    staterr   syserrhigh  syserrlow
0.63   3.07e-01   3.00e-02     7.40e-02      6.57e-02
1.21   2.40e-01   1.56e-02     3.78e-02      3.06e-02
1.71   1.03e-01   8.70e-03     1.43e-02      1.38e-02
2.22   7.39e-02   5.11e-03     6.94e-03      7.07e-03
2.72   4.43e-02   3.35e-03     3.94e-03      3.96e-03
3.38   1.91e-02   1.58e-03     1.59e-03      1.59e-03
4.41   8.40e-03   1.03e-03     7.17e-04      7.17e-04
5.79   4.07e-03   6.13e-04     3.63e-04      3.63e-04
8.10   2.43e-04   1.14e-04     1.12e-05      1.12e-05

pp
2.0<p_{T}^{A}<3.0 GeV/c
pTB     yield    staterr   syserrhigh  syserrlow
0.64   1.70e-01   1.10e-03     2.58e-02      1.67e-03
1.21   8.01e-02   5.51e-04     5.65e-03      7.70e-04
1.71   3.56e-02   3.14e-04     7.25e-04      3.97e-04
2.21   1.64e-02   1.86e-04     2.09e-04      2.09e-04
2.72   7.07e-03   1.14e-04     1.23e-04      1.23e-04
3.38   2.64e-03   4.60e-05     4.34e-05      4.34e-05
4.41   6.94e-04   2.16e-05     1.67e-05      1.67e-05
5.74   1.82e-04   7.91e-06     4.79e-06      4.79e-06
7.98   1.25e-05   1.75e-06     5.63e-07      5.63e-07

3.0<p_{T}^{A}<4.0 GeV/c
pTB     yield    staterr   syserrhigh  syserrlow
0.64   2.11e-01   3.20e-03     2.03e-02      4.80e-03
1.21   1.15e-01   1.67e-03     3.13e-03      2.19e-03
1.72   5.76e-02   1.02e-03     1.19e-03      1.15e-03
2.22   2.98e-02   6.48e-04     6.27e-04      6.27e-04
2.72   1.52e-02   4.26e-04     3.52e-04      3.52e-04
3.41   6.35e-03   1.84e-04     1.27e-04      1.27e-04
4.41   1.76e-03   9.09e-05     1.58e-05      1.58e-05
5.74   5.75e-04   3.85e-05     4.82e-06      4.82e-06
8.03   3.82e-05   8.54e-06     1.04e-06      1.04e-06

4.0<p_{T}^{A}<5.0 GeV/c
pTB     yield    staterr   syserrhigh  syserrlow
0.65   2.78e-01   7.61e-03     2.70e-02      1.09e-02
1.21   1.59e-01   4.20e-03     4.96e-03      4.95e-03
1.72   8.32e-02   2.58e-03     2.55e-03      2.55e-03
2.23   4.43e-02   1.70e-03     1.30e-03      1.30e-03
2.73   2.32e-02   1.15e-03     8.27e-04      8.27e-04
3.40   1.05e-02   5.33e-04     2.69e-04      2.69e-04
4.42   4.30e-03   3.35e-04     7.29e-05      7.29e-05
5.81   1.20e-03   1.41e-04     1.47e-05      1.47e-05
8.14   7.62e-05   3.54e-05     1.02e-06      1.02e-06

5.0<p_{T}^{A}<10.0 GeV/c
pTB     yield    staterr   syserrhigh  syserrlow
0.66   3.15e-01   4.20e-03     1.08e-02      5.78e-03
1.22   1.98e-01   2.52e-03     2.81e-03      2.81e-03
1.72   1.19e-01   1.70e-03     1.50e-03      1.50e-03
2.23   7.16e-02   1.21e-03     7.87e-04      7.87e-04
2.73   4.16e-02   9.16e-04     4.97e-04      4.97e-04
3.43   2.24e-02   5.20e-04     2.29e-04      2.29e-04
4.43   9.09e-03   3.92e-04     6.12e-05      6.12e-05
5.79   3.23e-03   2.37e-04     1.06e-05      1.06e-05
8.17   4.18e-04   1.46e-04     3.99e-07      3.99e-07

