Centrality: 0-10%
pT[GeV/c]   Inv Yield   Stat. err    Syst. err 
0.9         1.06e+01    1.36e-03     8.68e-01 
1.1         4.03e+00    6.41e-04     2.80e-01 
1.3         1.83e+00    3.54e-04     1.27e-01 
1.5         8.52e-01    2.06e-04     5.90e-02 
1.7         3.96e-01    1.24e-04     2.74e-02 
1.9         1.90e-01    7.69e-05     1.32e-02 
2.1         9.39e-02    4.92e-05     7.68e-03 
2.3         4.56e-02    3.17e-05     4.28e-03 
2.5         2.32e-02    2.11e-05     2.32e-03 
2.7         1.20e-02    1.43e-05     1.27e-03 
2.9         6.41e-03    9.86e-06     7.12e-04 
3.2         2.20e-03    5.50e-06     2.51e-04 
3.8         5.62e-04    2.51e-06     6.49e-05 
4.2         1.58e-04    1.22e-06     1.85e-05 
4.8         4.56e-05    6.15e-07     5.37e-06 
5.2         1.67e-05    3.51e-07     1.97e-06 
5.8         6.00e-06    1.99e-07     7.06e-07 
6.2         2.12e-06    1.13e-07     2.50e-07 
6.8         1.14e-06    7.88e-08     1.34e-07 
7.2         5.04e-07    5.00e-08     5.93e-08 
7.8         2.64e-07    4.13e-08     3.11e-08 
8.5         8.51e-08    1.67e-08     1.00e-08 
9.5         3.14e-08    2.32e-08     3.70e-09 
Centrality: 10-20%
pT[GeV/c]   Inv Yield   Stat. err    Syst. err 
0.9         7.19e+00    1.10e-03     5.88e-01 
1.1         2.86e+00    5.20e-04     1.98e-01 
1.3         1.27e+00    2.82e-04     8.80e-02 
1.5         5.85e-01    1.63e-04     4.05e-02 
1.7         2.77e-01    9.88e-05     1.92e-02 
1.9         1.34e-01    6.17e-05     9.30e-03 
2.1         6.70e-02    3.98e-05     5.49e-03 
2.3         3.32e-02    2.59e-05     3.11e-03 
2.5         1.68e-02    1.72e-05     1.67e-03 
2.7         9.07e-03    1.19e-05     9.56e-04 
2.9         4.75e-03    8.18e-06     5.28e-04 
3.2         1.71e-03    4.70e-06     1.96e-04 
3.8         4.38e-04    2.15e-06     5.06e-05 
4.2         1.29e-04    1.08e-06     1.52e-05 
4.8         4.24e-05    5.81e-07     5.00e-06 
5.2         1.38e-05    3.13e-07     1.62e-06 
5.8         5.19e-06    1.82e-07     6.11e-07 
6.2         2.23e-06    1.13e-07     2.63e-07 
6.8         1.14e-06    7.70e-08     1.34e-07 
7.2         3.52e-07    4.07e-08     4.14e-08 
7.8         1.91e-07    3.41e-08     2.25e-08 
8.5         6.56e-08    1.60e-08     7.72e-09 
9.5         1.87e-08    1.68e-09     2.20e-09 
Centrality: 20-40%
pT[GeV/c]   Inv Yield   Stat. err    Syst. err 
0.9         4.75e+00    6.63e-04     3.89e-01 
1.1         1.80e+00    2.96e-04     1.25e-01 
1.3         7.60e-01    1.54e-04     5.26e-02 
1.5         3.41e-01    8.73e-05     2.37e-02 
1.7         1.61e-01    5.24e-05     1.11e-02 
1.9         7.83e-02    3.27e-05     5.43e-03 
2.1         3.87e-02    2.10e-05     3.17e-03 
2.3         1.95e-02    1.38e-05     1.83e-03 
2.5         1.01e-02    9.25e-06     1.01e-03 
2.7         5.42e-03    6.37e-06     5.71e-04 
2.9         2.94e-03    4.45e-06     3.27e-04 
3.2         1.06e-03    2.55e-06     1.21e-04 
3.8         2.79e-04    1.19e-06     3.22e-05 
4.2         8.21e-05    5.97e-07     9.66e-06 
4.8         2.65e-05    3.17e-07     3.11e-06 
5.2         9.50e-06    1.79e-07     1.12e-06 
5.8         3.53e-06    1.03e-07     4.16e-07 
6.2         1.31e-06    5.96e-08     1.54e-07 
6.8         5.88e-07    3.79e-08     6.92e-08 
7.2         2.42e-07    2.31e-08     2.85e-08 
7.8         1.26e-07    1.83e-08     1.48e-08 
8.5         3.96e-08    8.62e-09     4.66e-09 
9.5         1.12e-08    6.79e-09     1.32e-09 
Centrality: 40-60%
pT[GeV/c]   Inv Yield   Stat. err    Syst. err 
0.9         1.70e+00    3.77e-04     1.39e-01 
1.1         6.75e-01    1.76e-04     4.68e-02 
1.3         2.83e-01    9.23e-05     1.96e-02 
1.5         1.28e-01    5.25e-05     8.84e-03 
1.7         6.06e-02    3.17e-05     4.20e-03 
1.9         2.93e-02    1.97e-05     2.03e-03 
2.1         1.47e-02    1.27e-05     1.20e-03 
2.3         7.42e-03    8.34e-06     6.97e-04 
2.5         3.92e-03    5.65e-06     3.91e-04 
2.7         2.07e-03    3.85e-06     2.18e-04 
2.9         1.16e-03    2.73e-06     1.28e-04 
3.2         4.19e-04    1.57e-06     4.80e-05 
3.8         1.14e-04    7.40e-07     1.32e-05 
4.2         3.44e-05    3.74e-07     4.04e-06 
4.8         1.06e-05    1.95e-07     1.25e-06 
5.2         4.34e-06    1.18e-07     5.11e-07 
5.8         1.67e-06    6.93e-08     1.97e-07 
6.2         6.41e-07    4.08e-08     7.54e-08 
6.8         2.72e-07    2.54e-08     3.20e-08 
7.2         1.08e-07    1.53e-08     1.28e-08 
7.8         5.64e-08    1.24e-08     6.64e-09 
8.5         2.40e-08    5.82e-09     2.82e-09 
9.5         8.03e-09    2.24e-09     9.46e-10 
Centrality: 60-86%
pT[GeV/c]   Inv Yield   Stat. err    Syst. err 
0.9         3.61e-01    1.51e-04     2.95e-02 
1.1         1.39e-01    6.88e-05     9.61e-03 
1.3         5.65e-02    3.54e-05     3.91e-03 
1.5         2.52e-02    2.00e-05     1.74e-03 
1.7         1.17e-02    1.19e-05     8.12e-04 
1.9         5.77e-03    7.51e-06     4.00e-04 
2.1         2.88e-03    4.84e-06     2.36e-04 
2.3         1.45e-03    3.17e-06     1.36e-04 
2.5         7.72e-04    2.16e-06     7.69e-05 
2.7         4.09e-04    1.48e-06     4.31e-05 
2.9         2.28e-04    1.05e-06     2.53e-05 
3.2         8.66e-05    6.16e-07     9.90e-06 
3.8         2.38e-05    2.92e-07     2.75e-06 
4.2         6.95e-06    1.46e-07     8.19e-07 
4.8         2.50e-06    8.21e-08     2.94e-07 
5.2         8.40e-07    4.50e-08     9.89e-08 
5.8         3.66e-07    2.82e-08     4.31e-08 
6.2         1.75e-07    1.85e-08     2.06e-08 
6.8         6.12e-08    1.04e-08     7.20e-09 
7.2         1.98e-08    7.11e-09     2.33e-09 
7.8         1.72e-08    5.06e-09     2.03e-09 
8.5         4.91e-09    2.62e-09     5.78e-10 
9.5         0.00e+00    0.00e+00     0.00e+00 
Centrality: 0-86%
pT[GeV/c]   Inv Yield   Stat. err    Syst. err 
0.9         3.68e+00    2.72e-04     3.01e-01 
1.1         1.37e+00    1.22e-04     9.51e-02 
1.3         5.91e-01    6.47e-05     4.09e-02 
1.5         2.68e-01    3.69e-05     1.86e-02 
1.7         1.25e-01    2.21e-05     8.69e-03 
1.9         6.05e-02    1.37e-05     4.19e-03 
2.1         3.00e-02    8.82e-06     2.46e-03 
2.3         1.49e-02    5.73e-06     1.40e-03 
2.5         7.64e-03    3.83e-06     7.62e-04 
2.7         4.05e-03    2.63e-06     4.27e-04 
2.9         2.18e-03    1.83e-06     2.42e-04 
3.2         7.75e-04    1.04e-06     8.87e-05 
3.8         2.03e-04    4.82e-07     2.34e-05 
4.2         5.91e-05    2.40e-07     6.96e-06 
4.8         1.86e-05    1.26e-07     2.18e-06 
5.2         6.59e-06    7.10e-08     7.76e-07 
5.8         2.46e-06    4.12e-08     2.90e-07 
6.2         9.07e-07    2.38e-08     1.07e-07 
6.8         4.17e-07    1.53e-08     4.91e-08 
7.2         1.82e-07    9.67e-09     2.14e-08 
7.8         9.00e-08    7.85e-09     1.06e-08 
8.5         2.93e-08    3.58e-09     3.45e-09 
9.5         9.20e-09    1.34e-09     1.08e-09 
