**********************             200. GeV             *****************************
pT[GeV/c]    dpT/pT   star err:  low         high       syst err:  low       high
1.51         1.71e-01            2.56e-03    2.51e-03              1.68e-02  1.49e-02
2.00         1.27e-01            2.17e-03    2.13e-03              1.82e-02  1.61e-02
2.55         1.17e-01            2.20e-03    2.16e-03              1.94e-02  1.70e-02
3.23         1.50e-01            2.32e-03    2.28e-03              1.93e-02  1.69e-02
3.96         1.80e-01            2.64e-03    2.59e-03              1.91e-02  1.66e-02
4.41         1.50e-01            2.72e-03    2.66e-03              2.08e-02  1.80e-02
5.13         1.72e-01            2.99e-03    2.93e-03              2.02e-02  1.75e-02
5.81         1.82e-01            3.28e-03    3.20e-03              1.99e-02  1.73e-02
6.32         1.69e-01            4.03e-03    3.91e-03              2.03e-02  1.75e-02
7.00         1.78e-01            4.80e-03    4.63e-03              2.00e-02  1.73e-02
7.65         1.83e-01            5.39e-03    5.17e-03              1.99e-02  1.72e-02
8.21         1.77e-01            4.91e-03    4.73e-03              2.00e-02  1.73e-02
8.97         1.92e-01            5.75e-03    5.50e-03              1.96e-02  1.70e-02
9.32         1.69e-01            7.75e-03    7.32e-03              2.03e-02  1.76e-02
10.28        1.97e-01            8.21e-03    7.71e-03              1.96e-02  1.70e-02
10.66        1.79e-01            7.92e-03    7.46e-03              2.07e-02  1.78e-02
11.55        1.99e-01            8.79e-03    8.21e-03              2.03e-02  1.75e-02
11.34        1.40e-01            1.29e-02    1.17e-02              2.35e-02  2.00e-02
13.52        1.86e-01            1.05e-02    9.71e-03              2.34e-02  1.97e-02
15.33        1.52e-01            3.03e-02    2.47e-02              3.21e-02  2.59e-02
17.86        1.60e-01            3.46e-02    2.74e-02              3.52e-02  2.78e-02
20.80        1.83e-01            4.38e-02    3.26e-02              4.06e-02  3.08e-02
24.57        2.27e-01            1.12e-01    5.76e-02              8.74e-02  5.05e-02
**********************             62.4 GeV             *****************************

pT[GeV/c]    dpT/pT   star err:  low         high       syst err:  low       high
1.11         1.91e-01            2.55e-04    2.54e-04              8.13e-03  7.51e-03
1.27         1.34e-01            2.73e-04    2.72e-04              8.70e-03  8.03e-03
1.49         1.28e-01            5.12e-04    5.09e-04              9.55e-03  8.75e-03
1.66         9.46e-02            5.32e-04    5.29e-04              9.91e-03  9.09e-03
1.84         7.68e-02            5.43e-04    5.40e-04              1.01e-02  9.27e-03
2.04         7.05e-02            1.07e-03    1.06e-03              1.13e-02  1.03e-02
2.25         6.79e-02            1.08e-03    1.07e-03              1.13e-02  1.03e-02
2.44         5.88e-02            2.01e-03    1.97e-03              1.26e-02  1.13e-02
2.68         6.78e-02            1.99e-03    1.95e-03              1.25e-02  1.12e-02
2.94         8.05e-02            1.96e-03    1.93e-03              1.23e-02  1.11e-02
3.10         6.42e-02            2.10e-03    2.06e-03              1.38e-02  1.23e-02
3.45         5.78e-02            3.76e-03    3.64e-03              1.48e-02  1.31e-02
4.00         6.15e-02            6.38e-03    6.04e-03              1.55e-02  1.36e-02
4.55         6.52e-02            1.07e-02    9.77e-03              1.59e-02  1.39e-02
5.15         7.82e-02            1.60e-02    1.40e-02              1.62e-02  1.41e-02
5.82         9.74e-02            2.20e-02    1.83e-02              1.69e-02  1.46e-02
6.40         1.01e-01            3.62e-02    2.71e-02              1.70e-02  1.47e-02
7.08         1.17e-01            1.45e-02    1.28e-02              1.86e-02  1.58e-02
**********************             39.0 GeV             *****************************
pT[GeV/c]    dpT/pT   star err:  low         high       syst err:  low       high
1.08         1.70e-01            9.61e-03    8.18e-03              9.61e-03  8.18e-03
1.29         1.50e-01            9.83e-03    8.36e-03              9.83e-03  8.36e-03
1.48         1.22e-01            1.02e-02    8.65e-03              1.02e-02  8.65e-03
1.68         1.09e-01            1.03e-02    8.77e-03              1.03e-02  8.77e-03
1.89         9.85e-02            1.04e-02    8.88e-03              1.04e-02  8.88e-03
2.08         8.73e-02            1.31e-02    1.08e-02              1.31e-02  1.08e-02
2.27         7.54e-02            1.25e-02    1.03e-02              1.25e-02  1.03e-02
2.46         6.67e-02            1.48e-02    1.19e-02              1.48e-02  1.19e-02
2.66         5.94e-02            1.00e-02    8.62e-03              1.00e-02  8.62e-03
2.86         5.65e-02            8.47e-03    7.45e-03              8.47e-03  7.45e-03
3.10         6.53e-02            8.13e-03    7.18e-03              8.13e-03  7.18e-03
3.50         7.12e-02            9.02e-03    7.86e-03              9.02e-03  7.86e-03
4.00         6.30e-02            8.20e-03    7.24e-03              8.20e-03  7.24e-03
4.53         6.13e-02            8.13e-03    7.19e-03              8.13e-03  7.19e-03
5.07         6.23e-02            8.52e-03    7.49e-03              8.52e-03  7.49e-03
5.84         5.77e-02            1.01e-02    8.69e-03              1.01e-02  8.69e-03
6.85         5.04e-02            2.49e-02    1.78e-02              2.49e-02  1.78e-02
7.77         3.51e-02            7.14e-02    3.30e-02              7.14e-02  3.30e-02
