3-4 #otimes 0.4-1 GeV/c
p + p
Dphi      PTY      stat
-1.47    -0.002    0.0035
-1.28    0.001    0.0035
-1.08    0.005    0.0035
-0.88    0.013    0.0032
-0.69    0.027    0.0029
-0.49    0.059    0.0028
-0.29    0.107    0.0031
-0.10    0.110    0.0032
0.10    0.117    0.0032
0.29    0.108    0.0031
0.49    0.058    0.0028
0.69    0.027    0.0029
0.88    0.013    0.0032
1.08    0.005    0.0035
1.28    -0.001    0.0034
1.47    0.003    0.0035
1.67    0.004    0.0037
1.87    0.015    0.0038
2.06    0.036    0.0037
2.26    0.045    0.0034
2.45    0.058    0.0033
2.65    0.073    0.0033
2.85    0.091    0.0032
3.04    0.093    0.0032
3.24    0.097    0.0032
3.44    0.089    0.0032
3.63    0.074    0.0032
3.83    0.065    0.0033
4.03    0.041    0.0033
4.22    0.025    0.0035
4.42    0.021    0.0038
4.61    0.008    0.0037
Au + Au 0-20%
Dphi       PTY        stat      v2errlow      v2errhigh   zyamerrlow  zyamerrhigh
-1.47    5.34e-02    8.14e-03     1.79e-02     1.01e-02   4.20e-02   2.90e-03
-1.28    2.85e-02    7.95e-03     1.46e-02     6.98e-03   4.20e-02   2.90e-03
-1.08    -1.17e-02    7.56e-03     8.32e-03     1.08e-03   4.20e-02   2.90e-03
-0.88    1.64e-02    6.76e-03     6.74e-03     1.18e-06   4.20e-02   2.90e-03
-0.69    2.37e-02    5.96e-03     1.54e-02     9.18e-03   4.20e-02   2.90e-03
-0.49    1.10e-01    5.48e-03     2.35e-02     1.78e-02   4.20e-02   2.90e-03
-0.29    2.03e-01    5.31e-03     2.97e-02     2.46e-02   4.20e-02   2.90e-03
-0.10    2.84e-01    5.27e-03     3.32e-02     2.82e-02   4.20e-02   2.90e-03
0.10    2.79e-01    5.23e-03     3.32e-02     2.82e-02   4.20e-02   2.90e-03
0.29    1.94e-01    5.22e-03     2.97e-02     2.46e-02   4.20e-02   2.90e-03
0.49    1.13e-01    5.38e-03     2.35e-02     1.78e-02   4.20e-02   2.90e-03
0.69    3.04e-02    5.87e-03     1.54e-02     9.18e-03   4.20e-02   2.90e-03
0.88    -3.03e-03    6.62e-03     6.74e-03     1.18e-06   4.20e-02   2.90e-03
1.08    -4.13e-03    7.34e-03     8.32e-03     1.08e-03   4.20e-02   2.90e-03
1.28    3.71e-02    7.76e-03     1.46e-02     6.98e-03   4.20e-02   2.90e-03
1.47    7.13e-02    8.10e-03     1.79e-02     1.01e-02   4.20e-02   2.90e-03
1.67    1.12e-01    8.50e-03     1.79e-02     1.01e-02   4.20e-02   2.90e-03
1.87    1.45e-01    8.33e-03     1.46e-02     6.98e-03   4.20e-02   2.90e-03
2.06    1.73e-01    7.48e-03     8.32e-03     1.08e-03   4.20e-02   2.90e-03
2.26    1.72e-01    6.72e-03     6.74e-03     1.51e-06   4.20e-02   2.90e-03
2.45    1.73e-01    6.30e-03     1.54e-02     9.18e-03   4.20e-02   2.90e-03
2.65    1.69e-01    5.99e-03     2.35e-02     1.78e-02   4.20e-02   2.90e-03
2.85    1.41e-01    5.70e-03     2.97e-02     2.46e-02   4.20e-02   2.90e-03
3.04    1.51e-01    5.49e-03     3.32e-02     2.82e-02   4.20e-02   2.90e-03
3.24    1.55e-01    5.45e-03     3.32e-02     2.82e-02   4.20e-02   2.90e-03
3.44    1.55e-01    5.61e-03     2.97e-02     2.46e-02   4.20e-02   2.90e-03
3.63    1.65e-01    5.86e-03     2.35e-02     1.78e-02   4.20e-02   2.90e-03
3.83    1.72e-01    6.14e-03     1.54e-02     9.18e-03   4.20e-02   2.90e-03
4.03    1.82e-01    6.50e-03     6.74e-03     8.41e-07   4.20e-02   2.90e-03
4.22    1.58e-01    7.18e-03     8.32e-03     1.08e-03   4.20e-02   2.90e-03
4.42    1.40e-01    7.96e-03     1.46e-02     6.98e-03   4.20e-02   2.90e-03
4.61    1.07e-01    8.25e-03     1.79e-02     1.01e-02   4.20e-02   2.90e-03

1
3-4 #otimes 1-2 GeV/c
p + p
Dphi      PTY      stat
-1.47    -0.001    0.0017
-1.28    0.001    0.0017
-1.08    -0.001    0.0014
-0.88    0.003    0.0013
-0.69    0.010    0.0013
-0.49    0.029    0.0015
-0.29    0.072    0.0017
-0.10    0.100    0.0018
0.10    0.106    0.0019
0.29    0.072    0.0017
0.49    0.031    0.0015
0.69    0.011    0.0014
0.88    0.005    0.0014
1.08    0.001    0.0014
1.28    -0.005    0.0015
1.47    0.002    0.0018
1.67    0.004    0.0019
1.87    0.006    0.0017
2.06    0.013    0.0017
2.26    0.023    0.0017
2.45    0.026    0.0016
2.65    0.037    0.0016
2.85    0.046    0.0016
3.04    0.051    0.0016
3.24    0.053    0.0017
3.44    0.047    0.0016
3.63    0.041    0.0016
3.83    0.030    0.0016
4.03    0.018    0.0016
4.22    0.014    0.0017
4.42    0.010    0.0018
4.61    0.002    0.0018
Au + Au 0-20%
Dphi       PTY        stat      v2errlow      v2errhigh   zyamerrlow  zyamerrhigh
-1.47    4.99e-02    4.79e-03     5.57e-03     4.04e-03   1.40e-02   2.00e-03
-1.28    1.68e-02    4.42e-03     4.10e-03     2.64e-03   1.40e-02   2.00e-03
-1.08    -2.60e-03    3.73e-03     2.11e-07     -1.32e-03   1.40e-02   2.00e-03
-0.88    6.67e-03    3.31e-03     3.56e-03     2.44e-03   1.40e-02   2.00e-03
-0.69    3.12e-02    2.94e-03     7.54e-03     6.67e-03   1.40e-02   2.00e-03
-0.49    9.29e-02    2.69e-03     1.13e-02     1.07e-02   1.40e-02   2.00e-03
-0.29    1.45e-01    2.47e-03     1.43e-02     1.39e-02   1.40e-02   2.00e-03
-0.10    2.04e-01    2.37e-03     1.60e-02     1.57e-02   1.40e-02   2.00e-03
0.10    2.05e-01    2.37e-03     1.60e-02     1.57e-02   1.40e-02   2.00e-03
0.29    1.41e-01    2.44e-03     1.43e-02     1.39e-02   1.40e-02   2.00e-03
0.49    9.05e-02    2.65e-03     1.13e-02     1.07e-02   1.40e-02   2.00e-03
0.69    3.08e-02    2.83e-03     7.54e-03     6.67e-03   1.40e-02   2.00e-03
0.88    6.21e-04    3.17e-03     3.56e-03     2.44e-03   1.40e-02   2.00e-03
1.08    -7.51e-03    3.59e-03     2.11e-07     -1.32e-03   1.40e-02   2.00e-03
1.28    1.13e-02    4.32e-03     4.10e-03     2.64e-03   1.40e-02   2.00e-03
1.47    4.63e-02    4.85e-03     5.57e-03     4.04e-03   1.40e-02   2.00e-03
1.67    6.26e-02    4.81e-03     5.57e-03     4.04e-03   1.40e-02   2.00e-03
1.87    8.69e-02    4.33e-03     4.10e-03     2.64e-03   1.40e-02   2.00e-03
2.06    8.12e-02    3.71e-03     3.29e-07     -1.32e-03   1.40e-02   2.00e-03
2.26    8.21e-02    3.31e-03     3.56e-03     2.44e-03   1.40e-02   2.00e-03
2.45    6.91e-02    2.96e-03     7.54e-03     6.67e-03   1.40e-02   2.00e-03
2.65    5.76e-02    2.76e-03     1.13e-02     1.07e-02   1.40e-02   2.00e-03
2.85    4.93e-02    2.64e-03     1.43e-02     1.39e-02   1.40e-02   2.00e-03
3.04    4.41e-02    2.59e-03     1.60e-02     1.57e-02   1.40e-02   2.00e-03
3.24    4.35e-02    2.59e-03     1.60e-02     1.57e-02   1.40e-02   2.00e-03
3.44    5.01e-02    2.60e-03     1.43e-02     1.39e-02   1.40e-02   2.00e-03
3.63    5.96e-02    2.73e-03     1.13e-02     1.07e-02   1.40e-02   2.00e-03
3.83    7.99e-02    2.88e-03     7.54e-03     6.67e-03   1.40e-02   2.00e-03
4.03    7.82e-02    3.22e-03     3.56e-03     2.44e-03   1.40e-02   2.00e-03
4.22    8.91e-02    3.57e-03     9.22e-08     -1.32e-03   1.40e-02   2.00e-03
4.42    7.89e-02    4.17e-03     4.10e-03     2.64e-03   1.40e-02   2.00e-03
4.61    6.77e-02    4.64e-03     5.57e-03     4.04e-03   1.40e-02   2.00e-03

2
3-4 #otimes 2-3 GeV/c
p + p
Dphi      PTY      stat
-1.47    0.000    0.0006
-1.28    -0.000    0.0005
-1.08    0.000    0.0004
-0.88    0.001    0.0004
-0.69    0.002    0.0005
-0.49    0.005    0.0005
-0.29    0.016    0.0007
-0.10    0.033    0.0009
0.10    0.032    0.0009
0.29    0.017    0.0007
0.49    0.005    0.0005
0.69    0.002    0.0004
0.88    0.000    0.0004
1.08    -0.000    0.0004
1.28    -0.000    0.0005
1.47    -0.001    0.0005
1.67    0.001    0.0006
1.87    0.001    0.0005
2.06    0.002    0.0005
2.26    0.004    0.0006
2.45    0.005    0.0006
2.65    0.008    0.0006
2.85    0.010    0.0006
3.04    0.012    0.0007
3.24    0.013    0.0007
3.44    0.011    0.0006
3.63    0.009    0.0006
3.83    0.005    0.0005
4.03    0.004    0.0006
4.22    0.002    0.0005
4.42    0.002    0.0006
4.61    0.001    0.0006
Au + Au 0-20%
Dphi       PTY        stat      v2errlow      v2errhigh   zyamerrlow  zyamerrhigh
-1.47    4.41e-03    1.36e-03     5.59e-04     4.37e-04   1.60e-03   3.40e-04
-1.28    2.01e-03    1.18e-03     4.02e-04     2.87e-04   1.60e-03   3.40e-04
-1.08    -1.81e-04    1.00e-03     1.01e-04     2.26e-08   1.60e-03   3.40e-04
-0.88    -1.85e-04    8.77e-04     3.91e-04     3.12e-04   1.60e-03   3.40e-04
-0.69    5.07e-03    7.97e-04     8.36e-04     7.85e-04   1.60e-03   3.40e-04
-0.49    1.38e-02    7.28e-04     1.27e-03     1.25e-03   1.60e-03   3.40e-04
-0.29    2.89e-02    6.72e-04     1.61e-03     1.61e-03   1.60e-03   3.40e-04
-0.10    4.15e-02    6.42e-04     1.82e-03     1.80e-03   1.60e-03   3.40e-04
0.10    3.90e-02    6.40e-04     1.82e-03     1.80e-03   1.60e-03   3.40e-04
0.29    2.98e-02    6.69e-04     1.61e-03     1.61e-03   1.60e-03   3.40e-04
0.49    1.52e-02    7.13e-04     1.27e-03     1.25e-03   1.60e-03   3.40e-04
0.69    5.02e-03    7.62e-04     8.36e-04     7.85e-04   1.60e-03   3.40e-04
0.88    9.69e-04    8.34e-04     3.91e-04     3.12e-04   1.60e-03   3.40e-04
1.08    -8.03e-04    9.58e-04     1.01e-04     2.26e-08   1.60e-03   3.40e-04
1.28    1.65e-03    1.16e-03     4.02e-04     2.87e-04   1.60e-03   3.40e-04
1.47    5.10e-03    1.38e-03     5.59e-04     4.37e-04   1.60e-03   3.40e-04
1.67    7.56e-03    1.33e-03     5.59e-04     4.37e-04   1.60e-03   3.40e-04
1.87    8.31e-03    1.14e-03     4.02e-04     2.87e-04   1.60e-03   3.40e-04
2.06    9.05e-03    1.00e-03     1.01e-04     9.66e-09   1.60e-03   3.40e-04
2.26    8.22e-03    8.80e-04     3.91e-04     3.12e-04   1.60e-03   3.40e-04
2.45    6.69e-03    7.90e-04     8.36e-04     7.86e-04   1.60e-03   3.40e-04
2.65    4.86e-03    7.28e-04     1.27e-03     1.25e-03   1.60e-03   3.40e-04
2.85    4.10e-03    7.00e-04     1.61e-03     1.61e-03   1.60e-03   3.40e-04
3.04    2.32e-03    6.92e-04     1.82e-03     1.80e-03   1.60e-03   3.40e-04
3.24    1.95e-03    6.91e-04     1.82e-03     1.80e-03   1.60e-03   3.40e-04
3.44    1.89e-03    6.94e-04     1.61e-03     1.61e-03   1.60e-03   3.40e-04
3.63    4.34e-03    7.19e-04     1.27e-03     1.25e-03   1.60e-03   3.40e-04
3.83    6.36e-03    7.78e-04     8.36e-04     7.85e-04   1.60e-03   3.40e-04
4.03    8.45e-03    8.64e-04     3.91e-04     3.12e-04   1.60e-03   3.40e-04
4.22    8.24e-03    9.71e-04     1.01e-04     3.55e-08   1.60e-03   3.40e-04
4.42    8.91e-03    1.11e-03     4.02e-04     2.87e-04   1.60e-03   3.40e-04
4.61    6.79e-03    1.30e-03     5.59e-04     4.37e-04   1.60e-03   3.40e-04

3
3-4 #otimes 3-4 GeV/c
p + p
Dphi      PTY      stat
-1.47    -0.000    0.0002
-1.28    -0.000    0.0001
-1.08    -0.000    0.0001
-0.88    0.000    0.0002
-0.69    0.001    0.0002
-0.49    0.001    0.0002
-0.29    0.004    0.0003
-0.10    0.011    0.0005
0.10    0.011    0.0005
0.29    0.004    0.0003
0.49    0.001    0.0002
0.69    0.000    0.0002
0.88    0.000    0.0002
1.08    -0.000    0.0001
1.28    -0.000    0.0002
1.47    -0.000    0.0002
1.67    0.000    0.0003
1.87    0.000    0.0002
2.06    0.001    0.0002
2.26    0.001    0.0002
2.45    0.001    0.0003
2.65    0.002    0.0003
2.85    0.003    0.0003
3.04    0.005    0.0004
3.24    0.005    0.0004
3.44    0.003    0.0003
3.63    0.002    0.0003
3.83    0.001    0.0002
4.03    0.001    0.0002
4.22    0.001    0.0002
4.42    0.000    0.0002
4.61    0.000    0.0003
Au + Au 0-20%
Dphi       PTY        stat      v2errlow      v2errhigh   zyamerrlow  zyamerrhigh
-1.47    8.48e-04    4.58e-04     4.68e-05     4.45e-05   1.64e-04   1.42e-04
-1.28    1.06e-04    3.80e-04     3.07e-05     2.92e-05   1.64e-04   1.42e-04
-1.08    -2.34e-04    3.23e-04     4.76e-10     -3.49e-09   1.64e-04   1.42e-04
-0.88    -9.25e-05    2.82e-04     4.24e-05     4.00e-05   1.64e-04   1.42e-04
-0.69    8.33e-04    2.63e-04     9.11e-05     8.57e-05   1.64e-04   1.42e-04
-0.49    2.39e-03    2.45e-04     1.39e-04     1.30e-04   1.64e-04   1.42e-04
-0.29    5.25e-03    2.32e-04     1.77e-04     1.65e-04   1.64e-04   1.42e-04
-0.10    8.88e-03    2.23e-04     1.98e-04     1.85e-04   1.64e-04   1.42e-04
0.10    8.76e-03    2.22e-04     1.98e-04     1.85e-04   1.64e-04   1.42e-04
0.29    5.10e-03    2.31e-04     1.77e-04     1.65e-04   1.64e-04   1.42e-04
0.49    2.38e-03    2.45e-04     1.39e-04     1.30e-04   1.64e-04   1.42e-04
0.69    7.38e-04    2.63e-04     9.11e-05     8.57e-05   1.64e-04   1.42e-04
0.88    4.44e-05    2.83e-04     4.24e-05     4.00e-05   1.64e-04   1.42e-04
1.08    -1.36e-04    3.24e-04     4.76e-10     -3.49e-09   1.64e-04   1.42e-04
1.28    2.27e-04    3.81e-04     3.07e-05     2.92e-05   1.64e-04   1.42e-04
1.47    6.81e-04    4.56e-04     4.68e-05     4.45e-05   1.64e-04   1.42e-04
1.67    1.27e-03    4.37e-04     4.68e-05     4.45e-05   1.64e-04   1.42e-04
1.87    1.13e-03    3.65e-04     3.07e-05     2.92e-05   1.64e-04   1.42e-04
2.06    1.21e-03    3.26e-04     1.87e-09     -2.17e-09   1.64e-04   1.42e-04
2.26    3.11e-04    2.85e-04     4.24e-05     4.00e-05   1.64e-04   1.42e-04
2.45    6.71e-04    2.64e-04     9.11e-05     8.57e-05   1.64e-04   1.42e-04
2.65    6.96e-04    2.43e-04     1.39e-04     1.30e-04   1.64e-04   1.42e-04
2.85    2.63e-04    2.34e-04     1.77e-04     1.65e-04   1.64e-04   1.42e-04
3.04    5.10e-04    2.31e-04     1.98e-04     1.85e-04   1.64e-04   1.42e-04
3.24    4.97e-04    2.31e-04     1.98e-04     1.85e-04   1.64e-04   1.42e-04
3.44    3.93e-04    2.35e-04     1.77e-04     1.65e-04   1.64e-04   1.42e-04
3.63    6.83e-04    2.43e-04     1.39e-04     1.30e-04   1.64e-04   1.42e-04
3.83    5.27e-04    2.63e-04     9.11e-05     8.57e-05   1.64e-04   1.42e-04
4.03    4.05e-04    2.86e-04     4.24e-05     4.00e-05   1.64e-04   1.42e-04
4.22    1.25e-03    3.27e-04     4.81e-09     9.17e-10   1.64e-04   1.42e-04
4.42    1.19e-03    3.65e-04     3.07e-05     2.92e-05   1.64e-04   1.42e-04
4.61    1.30e-03    4.36e-04     4.68e-05     4.45e-05   1.64e-04   1.42e-04

4
5-10 #otimes 2-3 GeV/c
p + p
Dphi      PTY      stat
-1.42    0.000    0.0005
-1.13    0.000    0.0004
-0.83    0.001    0.0004
-0.54    0.008    0.0006
-0.29    0.037    0.0013
-0.15    0.083    0.0027
-0.05    0.104    0.0030
0.05    0.099    0.0029
0.15    0.086    0.0029
0.29    0.033    0.0013
0.54    0.008    0.0007
0.83    0.002    0.0005
1.13    0.001    0.0005
1.42    0.001    0.0006
1.72    0.001    0.0006
2.01    0.003    0.0006
2.26    0.007    0.0009
2.45    0.010    0.0009
2.65    0.018    0.0011
2.85    0.029    0.0013
3.04    0.041    0.0015
3.24    0.043    0.0015
3.44    0.034    0.0014
3.63    0.020    0.0011
3.83    0.012    0.0010
4.03    0.006    0.0008
4.27    0.005    0.0007
4.57    0.001    0.0006
Au + Au 0-20%
Dphi       PTY        stat      v2errlow      v2errhigh   zyamerrlow  zyamerrhigh
-1.42    1.04e-02    7.30e-03     8.00e-04     4.78e-04   3.00e-03   8.00e-04
-1.13    2.30e-03    5.65e-03     4.71e-04     1.65e-04   3.00e-03   8.00e-04
-0.83    -6.30e-04    4.66e-03     3.81e-04     1.08e-04   3.00e-03   8.00e-04
-0.54    8.12e-03    4.10e-03     9.96e-04     7.65e-04   3.00e-03   8.00e-04
-0.29    3.84e-02    4.69e-03     1.40e-03     1.20e-03   3.00e-03   8.00e-04
-0.15    7.80e-02    6.64e-03     1.55e-03     1.36e-03   3.00e-03   8.00e-04
-0.05    9.69e-02    6.66e-03     1.59e-03     1.41e-03   3.00e-03   8.00e-04
0.05    8.14e-02    6.59e-03     1.59e-03     1.41e-03   3.00e-03   8.00e-04
0.15    8.14e-02    6.77e-03     1.55e-03     1.36e-03   3.00e-03   8.00e-04
0.29    3.61e-02    4.79e-03     1.40e-03     1.20e-03   3.00e-03   8.00e-04
0.54    8.29e-03    4.25e-03     9.96e-04     7.65e-04   3.00e-03   8.00e-04
0.83    4.56e-03    4.92e-03     3.81e-04     1.08e-04   3.00e-03   8.00e-04
1.13    -1.45e-03    6.08e-03     4.71e-04     1.65e-04   3.00e-03   8.00e-04
1.42    6.09e-03    7.70e-03     8.00e-04     4.78e-04   3.00e-03   8.00e-04
1.72    4.05e-03    7.14e-03     8.00e-04     4.78e-04   3.00e-03   8.00e-04
2.01    1.49e-02    5.79e-03     4.71e-04     1.65e-04   3.00e-03   8.00e-04
2.26    1.58e-02    6.08e-03     2.80e-04     2.19e-08   3.00e-03   8.00e-04
2.45    1.19e-02    5.56e-03     6.93e-04     4.40e-04   3.00e-03   8.00e-04
2.65    -1.25e-03    5.12e-03     1.09e-03     8.66e-04   3.00e-03   8.00e-04
2.85    2.60e-03    5.00e-03     1.40e-03     1.20e-03   3.00e-03   8.00e-04
3.04    1.21e-02    4.98e-03     1.58e-03     1.39e-03   3.00e-03   8.00e-04
3.24    1.42e-02    4.96e-03     1.58e-03     1.39e-03   3.00e-03   8.00e-04
3.44    1.17e-02    5.01e-03     1.40e-03     1.20e-03   3.00e-03   8.00e-04
3.63    1.87e-04    5.13e-03     1.09e-03     8.66e-04   3.00e-03   8.00e-04
3.83    1.49e-02    5.68e-03     6.93e-04     4.40e-04   3.00e-03   8.00e-04
4.03    5.46e-03    6.19e-03     2.80e-04     -9.91e-09   3.00e-03   8.00e-04
4.27    2.01e-02    5.89e-03     4.71e-04     1.65e-04   3.00e-03   8.00e-04
4.57    1.17e-02    7.20e-03     8.00e-04     4.78e-04   3.00e-03   8.00e-04

5
4-5 #otimes 4-5 GeV/c
p + p
Dphi      PTY      stat
-1.42    -0.000    0.0000
-1.13    0.000    0.0002
-0.83    -0.000    0.0000
-0.54    0.001    0.0003
-0.29    0.002    0.0004
-0.15    0.007    0.0013
-0.05    0.010    0.0016
0.05    0.012    0.0019
0.15    0.006    0.0012
0.29    0.002    0.0005
0.54    0.000    0.0002
0.83    -0.000    0.0000
1.13    -0.000    0.0000
1.42    -0.000    0.0000
1.72    -0.000    0.0000
2.01    0.001    0.0004
2.26    0.001    0.0004
2.45    0.001    0.0003
2.65    0.002    0.0006
2.85    0.002    0.0006
3.04    0.003    0.0006
3.24    0.003    0.0007
3.44    0.002    0.0006
3.63    0.002    0.0006
3.83    0.001    0.0004
4.03    0.001    0.0004
4.27    0.000    0.0002
4.57    -0.000    0.0000
Au + Au 0-20%
Dphi       PTY        stat      v2errlow      v2errhigh   zyamerrlow  zyamerrhigh
-1.42    1.52e-04    4.21e-04     6.54e-06     6.20e-06   1.70e-04   1.70e-04
-1.13    2.68e-04    3.25e-04     1.31e-06     1.24e-06   1.70e-04   1.70e-04
-0.83    -1.07e-04    2.57e-04     7.90e-06     7.43e-06   1.70e-04   1.70e-04
-0.54    5.88e-04    2.39e-04     1.84e-05     1.72e-05   1.70e-04   1.70e-04
-0.29    1.94e-03    2.88e-04     2.54e-05     2.37e-05   1.70e-04   1.70e-04
-0.15    5.95e-03    4.71e-04     2.79e-05     2.60e-05   1.70e-04   1.70e-04
-0.05    7.01e-03    4.72e-04     2.87e-05     2.68e-05   1.70e-04   1.70e-04
0.05    7.67e-03    4.89e-04     2.87e-05     2.68e-05   1.70e-04   1.70e-04
0.15    5.71e-03    4.67e-04     2.79e-05     2.60e-05   1.70e-04   1.70e-04
0.29    2.06e-03    2.97e-04     2.54e-05     2.37e-05   1.70e-04   1.70e-04
0.54    5.89e-04    2.47e-04     1.84e-05     1.72e-05   1.70e-04   1.70e-04
0.83    -1.47e-04    2.70e-04     7.90e-06     7.43e-06   1.70e-04   1.70e-04
1.13    -4.62e-05    3.35e-04     1.31e-06     1.24e-06   1.70e-04   1.70e-04
1.42    -3.34e-04    4.13e-04     6.54e-06     6.20e-06   1.70e-04   1.70e-04
1.72    5.87e-04    4.14e-04     6.54e-06     6.20e-06   1.70e-04   1.70e-04
2.01    1.53e-05    3.13e-04     1.31e-06     1.24e-06   1.70e-04   1.70e-04
2.26    5.61e-04    3.49e-04     6.18e-06     5.82e-06   1.70e-04   1.70e-04
2.45    4.26e-04    3.18e-04     1.32e-05     1.24e-05   1.70e-04   1.70e-04
2.65    6.42e-04    2.99e-04     2.00e-05     1.87e-05   1.70e-04   1.70e-04
2.85    2.56e-04    2.86e-04     2.54e-05     2.37e-05   1.70e-04   1.70e-04
3.04    7.25e-04    2.89e-04     2.84e-05     2.65e-05   1.70e-04   1.70e-04
3.24    5.97e-04    2.82e-04     2.84e-05     2.65e-05   1.70e-04   1.70e-04
3.44    1.46e-04    2.79e-04     2.54e-05     2.37e-05   1.70e-04   1.70e-04
3.63    6.23e-04    2.96e-04     2.00e-05     1.87e-05   1.70e-04   1.70e-04
3.83    3.42e-04    3.19e-04     1.32e-05     1.24e-05   1.70e-04   1.70e-04
4.03    7.67e-04    3.59e-04     6.18e-06     5.82e-06   1.70e-04   1.70e-04
4.27    -1.51e-04    3.10e-04     1.31e-06     1.24e-06   1.70e-04   1.70e-04
4.57    3.33e-04    4.03e-04     6.54e-06     6.20e-06   1.70e-04   1.70e-04

6
5-10 #otimes 3-5 GeV/c
p + p
Dphi      PTY      stat
-1.42    0.001    0.0003
-1.13    0.001    0.0002
-0.83    0.000    0.0002
-0.54    0.002    0.0003
-0.29    0.013    0.0008
-0.15    0.048    0.0025
-0.05    0.076    0.0033
0.05    0.072    0.0031
0.15    0.045    0.0023
0.29    0.014    0.0009
0.54    0.003    0.0003
0.83    0.001    0.0002
1.13    0.000    0.0002
1.42    0.000    0.0002
1.72    0.000    0.0002
2.01    0.002    0.0004
2.26    0.002    0.0004
2.45    0.003    0.0005
2.65    0.008    0.0007
2.85    0.015    0.0009
3.04    0.024    0.0012
3.24    0.025    0.0012
3.44    0.016    0.0009
3.63    0.009    0.0007
3.83    0.004    0.0005
4.03    0.002    0.0004
4.27    0.002    0.0004
4.57    0.000    0.0002
Au + Au 0-20%
Dphi       PTY        stat      v2errlow      v2errhigh   zyamerrlow  zyamerrhigh
-1.42    8.31e-05    2.49e-03     1.45e-05     1.37e-05   8.00e-04   4.00e-04
-1.13    2.34e-03    1.97e-03     2.32e-05     2.19e-05   8.00e-04   4.00e-04
-0.83    3.12e-03    1.64e-03     8.97e-05     8.42e-05   8.00e-04   4.00e-04
-0.54    5.60e-03    1.51e-03     1.66e-04     1.54e-04   8.00e-04   4.00e-04
-0.29    1.40e-02    1.83e-03     2.16e-04     2.01e-04   8.00e-04   4.00e-04
-0.15    3.74e-02    2.91e-03     2.34e-04     2.18e-04   8.00e-04   4.00e-04
-0.05    5.75e-02    3.16e-03     2.40e-04     2.23e-04   8.00e-04   4.00e-04
0.05    5.61e-02    3.16e-03     2.40e-04     2.23e-04   8.00e-04   4.00e-04
0.15    4.17e-02    3.02e-03     2.34e-04     2.18e-04   8.00e-04   4.00e-04
0.29    1.72e-02    1.93e-03     2.16e-04     2.01e-04   8.00e-04   4.00e-04
0.54    3.99e-03    1.57e-03     1.66e-04     1.54e-04   8.00e-04   4.00e-04
0.83    3.04e-03    1.82e-03     8.97e-05     8.42e-05   8.00e-04   4.00e-04
1.13    2.72e-03    2.22e-03     2.32e-05     2.19e-05   8.00e-04   4.00e-04
1.42    5.91e-03    2.81e-03     1.45e-05     1.37e-05   8.00e-04   4.00e-04
1.72    2.40e-03    2.50e-03     1.45e-05     1.37e-05   8.00e-04   4.00e-04
2.01    -1.54e-03    1.89e-03     2.32e-05     2.19e-05   8.00e-04   4.00e-04
2.26    2.63e-03    2.10e-03     7.74e-05     7.26e-05   8.00e-04   4.00e-04
2.45    3.77e-03    2.02e-03     1.28e-04     1.20e-04   8.00e-04   4.00e-04
2.65    2.63e-04    1.80e-03     1.77e-04     1.65e-04   8.00e-04   4.00e-04
2.85    5.84e-03    1.88e-03     2.16e-04     2.01e-04   8.00e-04   4.00e-04
3.04    7.16e-03    1.86e-03     2.38e-04     2.21e-04   8.00e-04   4.00e-04
3.24    7.70e-03    1.85e-03     2.38e-04     2.21e-04   8.00e-04   4.00e-04
3.44    4.81e-03    1.83e-03     2.16e-04     2.01e-04   8.00e-04   4.00e-04
3.63    5.74e-03    1.92e-03     1.77e-04     1.65e-04   8.00e-04   4.00e-04
3.83    3.92e-03    2.08e-03     1.28e-04     1.20e-04   8.00e-04   4.00e-04
4.03    2.71e-03    2.20e-03     7.73e-05     7.26e-05   8.00e-04   4.00e-04
4.27    -8.05e-04    1.97e-03     2.32e-05     2.19e-05   8.00e-04   4.00e-04
4.57    2.98e-03    2.55e-03     1.45e-05     1.37e-05   8.00e-04   4.00e-04

7
5-10 #otimes 5-10 GeV/c
p + p
Dphi      PTY      stat
-1.42    0.000    0.0001
-1.13    0.000    0.0000
-0.83    0.000    0.0001
-0.54    0.000    0.0001
-0.29    0.003    0.0004
-0.15    0.011    0.0014
-0.05    0.029    0.0031
0.05    0.028    0.0030
0.15    0.012    0.0016
0.29    0.002    0.0003
0.54    0.000    0.0001
0.83    0.000    0.0001
1.13    -0.000    0.0000
1.42    0.000    0.0001
1.72    0.000    0.0001
2.01    0.000    0.0002
2.26    0.000    0.0002
2.45    0.001    0.0003
2.65    0.002    0.0004
2.85    0.005    0.0006
3.04    0.010    0.0010
3.24    0.008    0.0008
3.44    0.005    0.0006
3.63    0.002    0.0003
3.83    0.001    0.0002
4.03    0.000    0.0002
4.27    0.000    0.0001
4.57    0.000    0.0001
Au + Au 0-20%
Dphi       PTY        stat      v2errlow      v2errhigh   zyamerrlow  zyamerrhigh
-1.42    8.64e-05    7.49e-04     2.08e-07     1.95e-07   3.30e-04   3.30e-04
-1.13    5.60e-04    6.26e-04     3.08e-06     2.87e-06   3.30e-04   3.30e-04
-0.83    3.79e-04    5.10e-04     8.08e-06     7.52e-06   3.30e-04   3.30e-04
-0.54    1.53e-03    5.11e-04     1.37e-05     1.27e-05   3.30e-04   3.30e-04
-0.29    2.02e-03    5.91e-04     1.75e-05     1.61e-05   3.30e-04   3.30e-04
-0.15    1.26e-02    1.40e-03     1.88e-05     1.73e-05   3.30e-04   3.30e-04
-0.05    1.94e-02    1.61e-03     1.92e-05     1.77e-05   3.30e-04   3.30e-04
0.05    2.16e-02    1.69e-03     1.92e-05     1.77e-05   3.30e-04   3.30e-04
0.15    1.05e-02    1.28e-03     1.88e-05     1.73e-05   3.30e-04   3.30e-04
0.29    2.60e-03    6.35e-04     1.75e-05     1.61e-05   3.30e-04   3.30e-04
0.54    1.32e-03    5.00e-04     1.37e-05     1.27e-05   3.30e-04   3.30e-04
0.83    6.03e-04    5.28e-04     8.08e-06     7.52e-06   3.30e-04   3.30e-04
1.13    5.53e-04    6.40e-04     3.08e-06     2.87e-06   3.30e-04   3.30e-04
1.42    5.01e-04    7.89e-04     2.08e-07     1.95e-07   3.30e-04   3.30e-04
1.72    2.37e-04    7.50e-04     2.08e-07     1.95e-07   3.30e-04   3.30e-04
2.01    9.16e-04    6.48e-04     3.08e-06     2.87e-06   3.30e-04   3.30e-04
2.26    4.72e-04    6.48e-04     7.15e-06     6.66e-06   3.30e-04   3.30e-04
2.45    8.64e-04    6.40e-04     1.09e-05     1.02e-05   3.30e-04   3.30e-04
2.65    1.06e-03    6.13e-04     1.46e-05     1.35e-05   3.30e-04   3.30e-04
2.85    1.88e-03    6.50e-04     1.75e-05     1.61e-05   3.30e-04   3.30e-04
3.04    2.63e-03    6.85e-04     1.90e-05     1.76e-05   3.30e-04   3.30e-04
3.24    2.68e-03    6.90e-04     1.90e-05     1.76e-05   3.30e-04   3.30e-04
3.44    2.15e-03    6.58e-04     1.75e-05     1.61e-05   3.30e-04   3.30e-04
3.63    5.54e-05    5.23e-04     1.46e-05     1.35e-05   3.30e-04   3.30e-04
3.83    1.30e-03    6.91e-04     1.09e-05     1.02e-05   3.30e-04   3.30e-04
4.03    5.31e-04    6.55e-04     7.15e-06     6.66e-06   3.30e-04   3.30e-04
4.27    1.04e-03    6.44e-04     3.07e-06     2.87e-06   3.30e-04   3.30e-04
4.57    4.13e-04    7.30e-04     2.08e-07     1.94e-07   3.30e-04   3.30e-04
