2.0<p_{T}^{A}<3.0 GeV/c
Head + Shoulder
pt      Iaa        stat      syslow      syshigh
0.63    3.23e+00    2.98e-02    3.12e-01     1.16e+00
1.20    3.50e+00    4.05e-02    3.40e-01     7.95e-01
1.70    3.32e+00    5.29e-02    3.26e-01     5.59e-01
2.20    2.33e+00    5.06e-02    2.43e-01     4.05e-01
2.70    1.54e+00    5.46e-02    1.69e-01     4.80e-01
3.34    8.81e-01    4.17e-02    1.00e-01     2.02e-01
4.38    3.27e-01    5.05e-02    9.18e-02     9.75e-02
Head region only
pt      Iaa        stat      syslow      syshigh
0.63    1.92e+00    1.87e-02    4.94e-01     7.63e-01
1.20    1.70e+00    2.19e-02    5.02e-01     6.12e-01
1.70    1.37e+00    2.56e-02    4.50e-01     4.98e-01
2.20    8.54e-01    2.61e-02    3.33e-01     3.67e-01
2.70    4.13e-01    2.75e-02    2.22e-01     3.27e-01
3.34    2.36e-01    2.43e-02    1.21e-01     1.53e-01
4.38    1.06e-01    3.00e-02    6.54e-02     6.88e-02

3.0<p_{T}^{A}<4.0 GeV/c
Head + Shoulder
pt      Iaa        stat      syslow      syshigh
0.63    2.96e+00    5.88e-02    1.35e-01     8.99e-01
1.20    2.49e+00    6.18e-02    2.05e-01     5.98e-01
1.70    2.33e+00    8.36e-02    2.49e-01     3.72e-01
2.20    1.22e+00    6.56e-02    1.69e-01     3.03e-01
2.70    8.06e-01    7.12e-02    1.25e-01     2.71e-01
3.34    4.50e-01    4.81e-02    8.87e-02     8.75e-02
4.38    2.02e-01    6.11e-02    1.07e-01     1.06e-01
Head region only
pt      Iaa        stat      syslow      syshigh
0.63    1.76e+00    3.78e-02    2.80e-01     5.98e-01
1.20    1.13e+00    3.53e-02    2.95e-01     4.37e-01
1.70    8.17e-01    4.18e-02    2.91e-01     3.14e-01
2.20    3.11e-01    3.60e-02    1.82e-01     2.18e-01
2.70    2.39e-01    4.17e-02    1.15e-01     1.75e-01
3.34    1.39e-01    2.85e-02    6.31e-02     6.05e-02
4.38    1.42e-01    3.60e-02    5.39e-02     5.31e-02

4.0<p_{T}^{A}<5.0 GeV/c
Head + Shoulder
pt      Iaa        stat      syslow      syshigh
0.63    2.59e+00    1.06e-01    1.88e-01     3.82e-01
1.20    1.94e+00    1.17e-01    2.58e-01     2.73e-01
1.70    1.38e+00    1.14e-01    1.93e-01     2.14e-01
2.20    6.33e-01    9.87e-02    1.68e-01     1.97e-01
2.70    4.43e-01    1.16e-01    2.03e-01     2.02e-01
3.34    3.97e-01    8.68e-02    1.50e-01     1.49e-01
4.38    3.65e-01    9.20e-02    1.43e-01     1.43e-01
Head region only
pt      Iaa        stat      syslow      syshigh
0.63    1.62e+00    7.61e-02    2.29e-01     2.85e-01
1.20    1.00e+00    7.10e-02    2.44e-01     2.38e-01
1.70    6.61e-01    7.38e-02    1.64e-01     1.84e-01
2.20    1.99e-01    6.06e-02    1.11e-01     1.30e-01
2.70    1.04e-01    6.12e-02    1.03e-01     1.01e-01
3.34    2.73e-01    5.30e-02    7.60e-02     7.49e-02
4.38    1.99e-01    5.35e-02    6.54e-02     6.53e-02

5.0<p_{T}^{A}<10.0 GeV/c
Head + Shoulder
pt      Iaa        stat      syslow      syshigh
0.63    2.25e+00    1.54e-01    2.72e-01     2.81e-01
1.20    1.74e+00    1.65e-01    2.92e-01     5.00e-01
1.70    1.03e+00    1.67e-01    3.17e-01     3.16e-01
2.20    7.33e-01    1.56e-01    2.81e-01     2.80e-01
2.70    6.40e-01    1.38e-01    2.36e-01     2.35e-01
3.35    4.45e-01    1.03e-01    1.84e-01     1.84e-01
4.40    5.37e-01    1.02e-01    1.55e-01     1.55e-01
Head region only
pt      Iaa        stat      syslow      syshigh
0.63    1.49e+00    1.17e-01    2.13e-01     2.07e-01
1.20    8.29e-01    1.07e-01    1.84e-01     2.75e-01
1.70    3.53e-01    9.97e-02    1.82e-01     1.78e-01
2.20    2.46e-01    9.12e-02    1.42e-01     1.40e-01
2.70    2.06e-01    7.90e-02    1.10e-01     1.10e-01
3.35    3.16e-01    5.89e-02    7.97e-02     7.95e-02
4.40    3.63e-01    5.80e-02    6.29e-02     6.29e-02
