per-trigger yield normalized by the pT width: 1/N_{A} dN^{AB}/dp_T

2.0<p_{T}^{A}<3.0 GeV/c
Head + Shoulder
p+p
pt      PTY          stat     zyamlow      zyamhigh
0.64    1.90e-01    1.53e-03    2.51e-03     3.87e-02
1.21    7.46e-02    7.56e-04    1.15e-03     8.47e-03
1.71    2.98e-02    4.15e-04    5.96e-04     1.09e-03
2.21    1.33e-02    2.35e-04    3.13e-04     3.13e-04
2.72    5.54e-03    1.41e-04    1.85e-04     1.85e-04
3.38    2.13e-03    5.59e-05    6.51e-05     6.51e-05
4.41    5.98e-04    2.60e-05    2.51e-05     2.51e-05
Au+Au 0-20%
pt      PTY          stat        v2low        v2high     zyamlow      zyamhigh
0.63    6.13e-01    2.74e-03    5.84e-02     6.07e-02    4.80e-03     1.69e-01
1.20    2.61e-01    1.46e-03    2.49e-02     2.34e-02    2.56e-03     4.58e-02
1.70    9.89e-02    7.74e-04    9.44e-03     8.85e-03    1.35e-03     1.37e-02
2.20    3.10e-02    3.95e-04    3.07e-03     2.88e-03    6.85e-04     4.50e-03
2.70    8.56e-03    2.11e-04    8.11e-04     9.22e-04    3.64e-04     2.48e-03
3.34    1.87e-03    7.36e-05    1.61e-04     1.95e-04    1.28e-04     3.78e-04
4.38    1.96e-04    2.90e-05    2.02e-05     2.82e-05    5.04e-05     5.04e-05
Head region only
p+p
pt      PTY          stat     zyamlow      zyamhigh
0.64    1.04e-01    7.70e-04    8.37e-04     1.29e-02
1.21    4.08e-02    3.79e-04    3.85e-04     2.82e-03
1.71    1.73e-02    2.17e-04    1.99e-04     3.63e-04
2.21    7.62e-03    1.28e-04    1.05e-04     1.05e-04
2.72    3.42e-03    8.07e-05    6.16e-05     6.16e-05
3.38    1.33e-03    3.32e-05    2.17e-05     2.17e-05
4.41    4.17e-04    1.72e-05    8.36e-06     8.36e-06
Au+Au 0-20%
pt      PTY          stat        v2low        v2high     zyamlow      zyamhigh
0.63    2.00e-01    1.26e-03    5.13e-02     5.00e-02    1.60e-03     5.64e-02
1.20    6.93e-02    6.23e-04    2.05e-02     1.92e-02    8.54e-04     1.53e-02
1.70    2.36e-02    3.27e-04    7.76e-03     7.28e-03    4.50e-04     4.56e-03
2.20    6.51e-03    1.66e-04    2.52e-03     2.36e-03    2.28e-04     1.50e-03
2.70    1.41e-03    8.82e-05    7.49e-04     7.57e-04    1.21e-04     8.25e-04
3.34    3.14e-04    3.13e-05    1.55e-04     1.60e-04    4.26e-05     1.26e-04
4.38    4.41e-05    1.24e-05    2.14e-05     2.32e-05    1.68e-05     1.68e-05

3.0<p_{T}^{A}<4.0 GeV/c
Head + Shoulder
p+p
pt      PTY          stat     zyamlow      zyamhigh
0.64    2.73e-01    4.50e-03    7.20e-03     3.04e-02
1.21    1.20e-01    2.29e-03    3.28e-03     4.69e-03
1.72    4.72e-02    1.30e-03    1.73e-03     1.79e-03
2.22    2.45e-02    7.95e-04    9.41e-04     9.41e-04
2.72    1.11e-02    4.85e-04    5.27e-04     5.27e-04
3.41    5.38e-03    2.14e-04    1.90e-04     1.90e-04
4.41    1.58e-03    1.08e-04    2.37e-05     2.37e-05
Au+Au 0-20%
pt      PTY          stat        v2low        v2high     zyamlow      zyamhigh
0.63    8.08e-01    8.90e-03    2.55e-02     5.91e-02    1.56e-02     2.20e-01
1.20    2.98e-01    4.74e-03    2.16e-02     2.50e-02    8.31e-03     6.61e-02
1.70    1.10e-01    2.52e-03    1.01e-02     9.48e-03    4.38e-03     1.42e-02
2.20    2.98e-02    1.28e-03    3.30e-03     3.09e-03    2.22e-03     6.65e-03
2.70    8.92e-03    6.84e-04    5.85e-04     9.88e-04    1.18e-03     2.80e-03
3.34    2.42e-03    2.40e-04    2.24e-04     2.09e-04    4.13e-04     4.13e-04
4.38    3.19e-04    9.41e-05    4.67e-05     4.38e-05    1.62e-04     1.62e-04
Head region only
p+p
pt      PTY          stat     zyamlow      zyamhigh
0.64    1.53e-01    2.32e-03    2.40e-03     1.01e-02
1.21    6.91e-02    1.22e-03    1.09e-03     1.56e-03
1.72    2.90e-02    7.25e-04    5.75e-04     5.97e-04
2.22    1.55e-02    4.72e-04    3.14e-04     3.14e-04
2.72    7.06e-03    3.00e-04    1.76e-04     1.76e-04
3.41    3.64e-03    1.45e-04    6.33e-05     6.33e-05
4.41    1.16e-03    7.90e-05    7.91e-06     7.91e-06
Au+Au 0-20%
pt      PTY          stat        v2low        v2high     zyamlow      zyamhigh
0.63    2.70e-01    4.08e-03    4.23e-02     5.14e-02    5.19e-03     7.35e-02
1.20    7.81e-02    2.02e-03    2.02e-02     2.05e-02    2.77e-03     2.20e-02
1.70    2.37e-02    1.06e-03    8.31e-03     7.79e-03    1.46e-03     4.72e-03
2.20    4.80e-03    5.37e-04    2.71e-03     2.53e-03    7.39e-04     2.22e-03
2.70    1.69e-03    2.86e-04    7.06e-04     8.11e-04    3.93e-04     9.32e-04
3.34    5.07e-04    1.02e-04    1.83e-04     1.72e-04    1.38e-04     1.38e-04
4.38    1.65e-04    4.03e-05    3.14e-05     2.94e-05    5.42e-05     5.42e-05

4.0<p_{T}^{A}<5.0 GeV/c
Head + Shoulder
p+p
pt      PTY          stat     zyamlow      zyamhigh
0.65    3.62e-01    1.06e-02    1.63e-02     4.05e-02
1.21    1.52e-01    5.52e-03    7.42e-03     7.44e-03
1.72    7.69e-02    3.25e-03    3.82e-03     3.82e-03
2.23    4.14e-02    2.10e-03    1.95e-03     1.95e-03
2.73    1.85e-02    1.29e-03    1.24e-03     1.24e-03
3.40    8.75e-03    6.12e-04    4.04e-04     4.04e-04
4.42    3.43e-03    3.49e-04    1.09e-04     1.09e-04
Au+Au 0-20%
pt      PTY          stat        v2low        v2high     zyamlow      zyamhigh
0.63    9.36e-01    2.68e-02    2.54e-02     4.25e-02    4.68e-02     7.95e-02
1.20    2.96e-01    1.42e-02    2.67e-02     2.50e-02    2.52e-02     3.00e-02
1.70    1.06e-01    7.57e-03    3.92e-03     7.95e-03    1.33e-02     1.34e-02
2.20    2.62e-02    3.86e-03    1.30e-03     2.88e-03    6.71e-03     7.54e-03
2.70    8.19e-03    2.06e-03    1.06e-03     9.92e-04    3.57e-03     3.57e-03
3.34    3.47e-03    7.19e-04    3.73e-04     3.50e-04    1.25e-03     1.25e-03
4.38    1.25e-03    2.89e-04    3.21e-05     3.00e-05    4.89e-04     4.89e-04
Head region only
p+p
pt      PTY          stat     zyamlow      zyamhigh
0.65    2.01e-01    5.58e-03    5.44e-03     1.35e-02
1.21    9.67e-02    3.12e-03    2.47e-03     2.48e-03
1.72    4.68e-02    1.93e-03    1.27e-03     1.27e-03
2.23    2.72e-02    1.36e-03    6.50e-04     6.50e-04
2.73    1.43e-02    9.51e-04    4.13e-04     4.13e-04
3.40    6.29e-03    4.38e-04    1.35e-04     1.35e-04
4.42    2.53e-03    2.67e-04    3.64e-05     3.64e-05
Au+Au 0-20%
pt      PTY          stat        v2low        v2high     zyamlow      zyamhigh
0.63    3.26e-01    1.23e-02    4.23e-02     4.58e-02    1.56e-02     2.65e-02
1.20    9.68e-02    6.11e-03    2.19e-02     2.06e-02    8.39e-03     1.00e-02
1.70    3.09e-02    3.21e-03    6.22e-03     7.28e-03    4.42e-03     4.48e-03
2.20    5.41e-03    1.63e-03    2.03e-03     2.47e-03    2.24e-03     2.51e-03
2.70    1.49e-03    8.67e-04    8.71e-04     8.15e-04    1.19e-03     1.19e-03
3.34    1.72e-03    3.11e-04    2.33e-04     2.18e-04    4.16e-04     4.16e-04
4.38    5.04e-04    1.24e-04    2.63e-05     2.46e-05    1.63e-04     1.63e-04

5.0<p_{T}^{A}<10.0 GeV/c
Head + Shoulder
p+p
pt      PTY          stat     zyamlow      zyamhigh
0.66    4.16e-01    5.80e-03    8.66e-03     1.62e-02
1.22    2.04e-01    3.27e-03    4.21e-03     4.21e-03
1.72    1.07e-01    2.03e-03    2.26e-03     2.26e-03
2.23    5.82e-02    1.33e-03    1.18e-03     1.18e-03
2.73    3.52e-02    9.63e-04    7.46e-04     7.46e-04
3.43    1.62e-02    4.54e-04    3.44e-04     3.44e-04
4.43    7.02e-03    3.20e-04    9.18e-05     9.18e-05
Au+Au 0-20%
pt      PTY          stat        v2low        v2high     zyamlow      zyamhigh
0.63    9.35e-01    6.26e-02    2.35e-02     2.17e-02    1.09e-01     1.09e-01
1.20    3.55e-01    3.32e-02    9.36e-03     1.27e-02    5.84e-02     1.01e-01
1.70    1.10e-01    1.76e-02    1.38e-02     1.34e-02    3.08e-02     3.08e-02
2.20    4.26e-02    9.05e-03    4.50e-03     4.29e-03    1.57e-02     1.57e-02
2.70    2.25e-02    4.84e-03    9.67e-04     8.98e-04    8.23e-03     8.23e-03
3.35    7.22e-03    1.66e-03    2.87e-04     2.68e-04    2.97e-03     2.97e-03
4.40    3.77e-03    6.94e-04    4.63e-05     4.32e-05    1.08e-03     1.08e-03
Head region only
p+p
pt      PTY          stat     zyamlow      zyamhigh
0.66    2.52e-01    3.19e-03    2.89e-03     5.38e-03
1.22    1.35e-01    1.95e-03    1.40e-03     1.40e-03
1.72    7.58e-02    1.34e-03    7.52e-04     7.52e-04
2.23    4.24e-02    9.52e-04    3.93e-04     3.93e-04
2.73    2.59e-02    7.27e-04    2.49e-04     2.49e-04
3.43    1.27e-02    3.69e-04    1.15e-04     1.15e-04
4.43    5.76e-03    2.83e-04    3.06e-05     3.06e-05
Au+Au 0-20%
pt      PTY          stat        v2low        v2high     zyamlow      zyamhigh
0.63    3.75e-01    2.90e-02    3.92e-02     3.63e-02    3.64e-02     3.64e-02
1.20    1.12e-01    1.44e-02    1.52e-02     1.56e-02    1.95e-02     3.37e-02
1.70    2.67e-02    7.54e-03    9.24e-03     8.78e-03    1.03e-02     1.03e-02
2.20    1.04e-02    3.86e-03    3.02e-03     2.84e-03    5.22e-03     5.22e-03
2.70    5.33e-03    2.04e-03    7.94e-04     7.38e-04    2.74e-03     2.74e-03
3.35    4.01e-03    7.37e-04    1.93e-04     1.79e-04    9.90e-04     9.90e-04
4.40    2.09e-03    3.18e-04    2.89e-05     2.69e-05    3.61e-04     3.61e-04