figure 3
pt | c2 | c2_stat | c2_sys
0.625 0.00444176 0.000627356 0.00106331
0.875 0.00652947 0.000815391 0.00106331
1.125 0.00769623 0.00109744 0.00106331
1.375 0.0109753 0.00146684 0.00106331
1.75 0.0108655 0.00157458 0.00106331
2.25 0.014142 0.00278035 0.00106331
2.75 0.0071246 0.00477009 0.00106331
3.25 0.00751745 0.00797432 0.00106331
pt | c3 | c3_stat | c3_sys
0.645 0.00033478 0.000611512 0.000563534
0.895 -2.69236e-05 0.000794734 0.000563534
1.145 2.79741e-05 0.00106896 0.000563534
1.395 0.00241494 0.00143018 0.000563534
1.77 0.00405275 0.00153251 0.000563534
2.27 -0.000635885 0.002717 0.000563534
2.77 -0.00213844 0.00461955 0.000563534
3.27 0.000838454 0.00776943 0.000563534
