1.07725 0.0896613 0.000293581 0.00297373
1.27267 0.117566 0.000330956 0.00389922
1.46809 0.143106 0.000392258 0.00474629
1.66449 0.166265 0.000480033 0.00551439
1.85991 0.186425 0.000595171 0.00618302
2.05533 0.203558 0.000744569 0.00675125
2.25271 0.217616 0.000949101 0.00721751
2.44911 0.226828 0.00119405 0.00752303
2.64453 0.238152 0.0015045 0.00789861
2.84191 0.24356 0.0018909 0.00807797
3.14338 0.241701 0.00249768 0.00845954
3.63438 0.246444 0.00448291 0.00909175
4.13127 0.23571 0.00772225 0.00911683
4.62522 0.217031 0.0125563 0.00865135
5.12015 0.200661 0.020158 0.0119692
5.61802 0.160436 0.0296229 0.0110561
