1.08164 0.106424 0.000123655 0.00352968
1.27786 0.121204 0.000164565 0.00401988
1.47407 0.13311 0.000218821 0.00441476
1.67127 0.14238 0.000289207 0.00472221
1.86748 0.149845 0.000379921 0.0049698
2.0637 0.154731 0.000491733 0.00513185
2.26188 0.157736 0.000646839 0.00523151
2.45908 0.158089 0.000867366 0.00524322
2.6553 0.160167 0.00120474 0.00531214
2.85348 0.161278 0.00174665 0.00534899
3.15619 0.155137 0.00154164 0.00514531
3.64919 0.147796 0.00246195 0.00490184
4.1481 0.144104 0.00374922 0.00487404
4.64406 0.121775 0.00529925 0.00414214
5.141 0.119106 0.00788391 0.00697457
5.64091 0.102727 0.00974796 0.00643501
