1.08274 0.0627779 0.000148617 0.00326204
1.27915 0.0724062 0.000198457 0.00376234
1.47557 0.0803904 0.000264925 0.00417721
1.67297 0.0865342 0.000351948 0.00449645
1.86938 0.0919335 0.000465117 0.004777
2.06579 0.0950567 0.000606185 0.00493929
2.26418 0.096827 0.000805945 0.00503128
2.46158 0.0977895 0.00109306 0.00508129
2.65799 0.0980837 0.00153919 0.00509658
2.85638 0.0975677 0.00235583 0.00506977
3.15939 0.0958731 0.00201856 0.00498171
3.65289 0.0932688 0.0032781 0.00484639
4.15231 0.0854758 0.00502839 0.00491021
4.64877 0.0827212 0.0070934 0.00584927
5.14622 0.0667389 0.010289 0.00471915
5.64663 0.0574538 0.0124172 0.00466757
