1.08493 0.0326162 0.000291049 0.00169479
1.28174 0.0477239 0.000322718 0.00247981
1.47856 0.0631749 0.000378082 0.00328266
1.67636 0.0767857 0.000460112 0.0039899
1.87317 0.0899004 0.000568334 0.00467136
2.06998 0.0997645 0.000713211 0.00518392
2.26877 0.108862 0.000911568 0.00565664
2.46657 0.11762 0.0011556 0.00611171
2.66338 0.124856 0.001465 0.00648771
2.86217 0.129698 0.00185955 0.00673931
3.16579 0.131226 0.0026748 0.00718754
3.66029 0.146991 0.00494045 0.00805103
4.16072 0.132752 0.00869563 0.00762602
4.65819 0.143509 0.0144087 0.00884649
5.15665 0.128217 0.023144 0.00906631
5.65807 0.125731 0.0337671 0.0102144
