1.07616 0.111728 0.000627176 0.0037056
1.27138 0.142026 0.00072307 0.00471047
1.4666 0.168396 0.00087183 0.00558506
1.6628 0.192156 0.0010793 0.00637309
1.85801 0.212232 0.00135044 0.00703894
2.05323 0.230724 0.00169897 0.00765225
2.25041 0.24573 0.00217077 0.00814994
2.44661 0.248557 0.00272808 0.0082437
2.64183 0.254284 0.00343839 0.00843365
2.83901 0.262583 0.00428991 0.00870889
3.14018 0.26775 0.00552279 0.00937125
3.63068 0.267792 0.00973688 0.00987931
4.12707 0.26648 0.0163398 0.010307
4.62051 0.226501 0.0270507 0.00902884
5.11493 0.217841 0.0416056 0.012994
5.6123 0.20696 0.0595448 0.0142622
