1.08055 0.0838016 0.000190244 0.00435446
1.27656 0.0968691 0.000253536 0.00503347
1.47258 0.106677 0.000337772 0.0055431
1.66958 0.114742 0.000447675 0.00596217
1.86559 0.121115 0.000590113 0.00629332
2.0616 0.125837 0.000766905 0.00653868
2.25959 0.128677 0.00101727 0.00668625
2.45659 0.127835 0.00137521 0.0066425
2.65261 0.131393 0.00193639 0.00682738
2.85059 0.131373 0.00295942 0.00682634
3.15298 0.123985 0.00247985 0.00644245
3.64548 0.123396 0.0040054 0.00641184
4.14389 0.115131 0.00611423 0.00661377
4.63935 0.0932285 0.00866822 0.00659225
5.13579 0.0945603 0.0126883 0.00668642
5.63519 0.0750595 0.0155469 0.00609786
