1.07506 0.130294 0.000149157 0.00432136
1.27008 0.146778 0.000198534 0.00486808
1.4651 0.160216 0.000263552 0.00531376
1.6611 0.170099 0.000347497 0.00564155
1.85612 0.177637 0.000455161 0.00589155
2.05114 0.182344 0.000586978 0.00604767
2.24812 0.184533 0.000767093 0.00612027
2.44412 0.185382 0.00102075 0.00614842
2.63914 0.183148 0.00140612 0.00607433
2.83612 0.183224 0.00197415 0.00607685
3.13698 0.181673 0.00178409 0.00602541
3.62698 0.167445 0.00282051 0.00555352
4.12286 0.169129 0.00428167 0.00572046
4.6158 0.150461 0.00602202 0.00511789
5.10972 0.136303 0.00912569 0.00798159
5.60658 0.137119 0.0112542 0.00858939
