1.07396 0.146249 0.000319726 0.00485053
1.26878 0.164058 0.000427822 0.00544119
1.46361 0.177614 0.000567271 0.00589079
1.65941 0.187203 0.000746729 0.00620882
1.85423 0.19349 0.000975056 0.00641734
2.04905 0.197953 0.00125177 0.00656536
2.24583 0.199169 0.00162971 0.00660569
2.44163 0.200115 0.00214835 0.00663706
2.63645 0.192651 0.0029677 0.00638951
2.83323 0.195101 0.00413081 0.00647077
3.13378 0.193315 0.00363466 0.00641153
3.62328 0.175433 0.00567607 0.00581845
4.11865 0.181669 0.00854216 0.0061446
4.61109 0.170734 0.011881 0.00580747
5.10451 0.138554 0.0183544 0.0081134
5.60086 0.166739 0.0223662 0.0104448
