1.08384 0.0655812 0.000243421 0.00217508
1.28045 0.0894042 0.000271845 0.0029652
1.47706 0.112779 0.000320077 0.00374046
1.67466 0.132897 0.000390203 0.0044077
1.87127 0.151675 0.000482502 0.00503049
2.06788 0.16685 0.000603578 0.00553379
2.26647 0.179773 0.00076927 0.0059624
2.46407 0.191127 0.000970249 0.00633897
2.66068 0.202347 0.00122361 0.00671109
2.85927 0.207095 0.00154346 0.00686856
3.16259 0.20588 0.00209472 0.0072058
3.65659 0.213507 0.00380124 0.00787664
4.15652 0.196549 0.0066174 0.00760215
4.65348 0.191934 0.0107529 0.00765092
5.15143 0.181994 0.0175141 0.0108558
5.65235 0.134683 0.0258859 0.00928141
