1.07945 0.079984 0.000320435 0.00265277
1.27526 0.107432 0.000359591 0.00356312
1.47108 0.133074 0.000424826 0.00441357
1.66788 0.15627 0.000518641 0.00518289
1.8637 0.176688 0.000642011 0.00586008
2.05951 0.193432 0.000802113 0.00641541
2.2573 0.207171 0.00102156 0.00687108
2.4541 0.218735 0.00128558 0.00725462
2.64991 0.232123 0.00161864 0.00769865
2.8477 0.236334 0.00203755 0.00783831
3.14978 0.231211 0.00270651 0.00809238
3.64178 0.237455 0.00487517 0.00876013
4.13969 0.22212 0.00847427 0.00859119
4.63464 0.212828 0.0135836 0.00848381
5.13058 0.192433 0.022172 0.0114784
5.62946 0.137174 0.0329561 0.00945307
