1.08274 0.0463211 0.00037414 0.00240691
1.27915 0.0659061 0.000415018 0.00342458
1.47557 0.0868213 0.000486394 0.00451137
1.67297 0.103327 0.000591698 0.00536903
1.86938 0.120261 0.000730528 0.00624894
2.06579 0.133348 0.00091517 0.00692897
2.26418 0.145277 0.00116734 0.00754881
2.46158 0.15602 0.00147657 0.00810704
2.65799 0.164359 0.00186563 0.00854034
2.85638 0.169368 0.00235995 0.00880062
3.15939 0.170511 0.00329999 0.00933927
3.65289 0.179104 0.00605461 0.00980993
4.15231 0.158896 0.0105693 0.00912788
4.64877 0.159868 0.0175421 0.00985493
5.14622 0.166116 0.0284934 0.0117462
5.64663 0.130806 0.0418104 0.0106267
