1.08932 0.0210294 0.000434053 0.00109272
1.28693 0.0324285 0.000480734 0.00168503
1.48454 0.0433725 0.0005626 0.0022537
1.68314 0.054565 0.000684719 0.00283528
1.88074 0.0644553 0.000846039 0.0033492
2.07835 0.0715762 0.00106283 0.00371921
2.27794 0.0779503 0.00136236 0.00405042
2.47654 0.084824 0.00173081 0.00440758
2.67415 0.0906549 0.00220325 0.00471057
2.87374 0.0951113 0.00280525 0.00494213
3.17859 0.0942727 0.00415681 0.00516353
3.67509 0.115555 0.00777055 0.00632921
4.17755 0.106061 0.013864 0.00609274
4.67703 0.126451 0.0230551 0.00779496
5.1775 0.0902255 0.036464 0.00637991
5.68095 0.120818 0.0527073 0.0098153
