1.08603 0.0447245 0.000222701 0.00232395
1.28304 0.0512504 0.000298047 0.00266305
1.48005 0.0574795 0.000398824 0.00298672
1.67805 0.0617296 0.000531302 0.00320756
1.87506 0.0659824 0.000704507 0.00342855
2.07207 0.067367 0.000921466 0.00350049
2.27106 0.0678192 0.00122938 0.00352399
2.46906 0.0700349 0.0016748 0.00363912
2.66607 0.0671657 0.00236021 0.00349003
2.86506 0.0659291 0.00362083 0.00342578
3.16899 0.0683715 0.00317037 0.00355269
3.66399 0.0631313 0.00518788 0.0032804
4.16493 0.0549763 0.00802641 0.00315815
4.6629 0.0721619 0.0112411 0.00510262
5.16186 0.020939 0.0160144 0.00148061
5.66379 0.0417612 0.0189578 0.0033927
