1.07725 0.123345 0.00016264 0.00409089
1.27267 0.139347 0.000216213 0.00462162
1.46809 0.15271 0.000287073 0.00506482
1.66449 0.162689 0.000378629 0.00539578
1.85991 0.170707 0.000496164 0.00566171
2.05533 0.175437 0.000640348 0.00581859
2.25271 0.177994 0.000837509 0.00590339
2.44911 0.178645 0.00111691 0.00592498
2.64453 0.178836 0.00153788 0.00593132
2.84191 0.177708 0.00216251 0.00589391
3.14338 0.17587 0.00196581 0.00583295
3.63438 0.163343 0.00311867 0.00541747
4.13127 0.162521 0.00474131 0.00549696
4.62522 0.139487 0.00669138 0.00474461
5.12015 0.135128 0.0100557 0.00791278
5.61802 0.121511 0.0125016 0.00761167
