----------------------------------------------------------
Omega/Pi in d+Au (0-88%)
pT        decay channel   Ratio        Sta.error      Sys.error
0.375     e+e-            0.0906066    0.0247365      0.0230047
0.625     e+e-            0.185233     0.0296428      0.0573582
0.875     e+e-            0.213799     0.0210185      0.0500091
1.125     e+e-            0.243312     0.0221748      0.0503459
1.375     e+e-            0.32262      0.0285721      0.0639092
1.625     e+e-            0.385998     0.0331315      0.0722362
1.875     e+e-            0.466721     0.0401872      0.0852659
2.25      e+e-            0.588235     0.0413559      0.103413
2.5       pi0gamma        0.876822     0.323049       0.255435
2.75      e+e-            0.750667     0.055609       0.128594
3.0       pi+pi-pi0       0.80706      0.124667       0.109919
3.5       e+e-            0.908167     0.0714973      0.155342
          pi0gamma        0.908314     0.0267923      0.191725
4.0       pi+pi-pi0       0.788653     0.0749479      0.089264
4.5       e+e-            1.09099      0.144786       0.203375
          pi0gamma        0.662603     0.027832       0.115794
5.0       pi+pi-pi0       0.825148     0.040355       0.110863
5.5       pi0gamma        0.708478     0.033411       0.0924502
6.0       e+e-            1.19887      0.217355       0.219677
          pi+pi-pi0       0.763858     0.0337891      0.0974433
6.5       pi0gamma        0.721088     0.0415374      0.0864041
7.0       pi+pi-pi0       0.781365     0.0563324      0.0976049
7.5       pi0gamma        0.689122     0.0601765      0.081721
8.0       pi+pi-pi0       0.680421     0.0410783      0.0876019
9.0       pi+pi-pi0       0.715932     0.0523147      0.0947378
9.5       pi0gamma        0.679779     0.0539288      0.0753332
10.0      pi+pi-pi0       0.835493     0.0954457      0.120358
11.0      pi+pi-pi0       0.824222     0.0872416      0.118949
12.5      pi+pi-pi0       0.722869     0.0881945      0.109827

----------------------------------------------------------
Omega/Pi of omega->pi0gamma in Cu+Cu (0-94%)
pT	Ratio	     Sta.error       Sys.error
4.5	1.00587	     0.260668        0.142086
5.5	0.929194     0.262357        0.140071
6.5     0.471733     0.146931        0.0848962
7.5     0.797134     0.14304         0.134841
8.5     0.655999     0.158783        0.103364
9.5     0.709254     0.197511        0.103211
11.0    0.785314     0.202036        0.0999845

----------------------------------------------------------
Omega/Pi of omega->pi0gamma in Au+Au (0-92%), run4
pT	Ratio	     Sta.error       Sys.error
6.00    1.29089      0.53935         0.329644
7.00    1.38568      0.580824        0.421856
8.75    0.614334     0.454938        0.187076

Omega/Pi of omega->pi0gamma in Au+Au (0-92%), run7
pT	Ratio	     Sta.error       Sys.error
5.5     0.914926     0.305279        0.0826085
6.5     0.546008     0.218848        0.0485048
7.5     0.667523     0.191868        0.0589324
9.0     0.972332     0.180873        0.0852604
11.0    1.06702      0.275312        0.0917559

