----------------------------------------------------------
RdAu of omega->e+e- for MB (ana840) 
pT	     RdAu         Sta.error     Sys.error 
0.375        0.82         0.27          0.24
0.625        0.70	  0.13          0.22
0.875        0.67	  0.11          0.17
1.125        0.56	  0.10          0.12
1.375        0.70	  0.13          0.15
1.75         0.92         0.17          0.15
2.5          1.50         0.30          0.27
3.5          1.50         0.53          0.31
(there are no points for pT=5-7 bin since denominator is used from data points in p+p)

RdAu of omega->e+e- for 0-20% (ana840) 
pT	     RdAu         Sta.error     Sys.error 
0.375        0.98	  0.40	        0.34
0.625        0.79	  0.21	        0.29
0.875        0.59	  0.14	        0.17
1.125        0.57	  0.11	        0.15
1.375        0.71	  0.14	        0.17	
1.75         0.94         0.18          0.16
2.5          1.50         0.31          0.27
3.5          1.50         0.53          0.30

RdAu of omega->e+e- for 20-40% (ana840) 
pT	     RdAu         Sta.error     Sys.error 
0.375        0.98	  0.41          0.29
0.625        0.70	  0.17          0.22
0.875        0.67	  0.14          0.16
1.125        0.52	  0.10          0.11
1.375        0.80	  0.16          0.17	
1.75         1.00         0.19          0.17
2.5          1.80         0.37          0.35
3.5          1.80         0.65          0.39

RdAu of omega->e+e- for 40-60% (ana840) 
pT	     RdAu         Sta.error     Sys.error 
0.375        0.67         0.34          0.21
0.625        0.63         0.16          0.22
0.875        0.69         0.13          0.19
1.125        0.57         0.14          0.13
1.375        0.63         0.14          0.14
1.75         0.96         0.19          0.16
2.5          1.70         0.36          0.30
3.5          1.50         0.58          0.32

RdAu of omega->e+e- for 60-88% (ana840) 
pT	     RdAu         Sta.error     Sys.error 
0.625        1.00         0.26          0.350.875        0.95         0.21          0.251.125        0.61         0.13          0.151.375        0.98         0.21          0.221.75         0.89         0.19          0.152.5          1.3          0.30          0.243.5          1.5          0.57          0.30

----------------------------------------------------------
RdAu of omega->pi0gamma for MB (ana946) 
pT	     RdAu         Sta.error     Sys.error 
2.5          1.37892      0.534462      0.38822
3.5          1.19301      0.0908016     0.236651
4.5          1.08564      0.112172      0.171464
5.5          1.00445      0.165388      0.11686
6.5          0.880352     0.129162      0.0977235
7.5          1.11121      0.304301      0.130851
9.5          0.844178     0.239814      0.144501

RdAu of omega->pi0gamma for 0-20% (ana946) 
pT	     RdAu         Sta.error     Sys.error   
3.5          1.16781      0.135118      0.259162
4.5          1.16694      0.139595      0.170486 
5.5          1.04205      0.184574      0.137596
6.5          1.12668      0.195882      0.130529
7.5          1.08691      0.313824      0.133854
9.5          0.833542     0.249846      0.142681

RdAu of omega->pi0gamma for 20-40% (ana946) 
pT	     RdAu         Sta.error     Sys.error   
2.5          1.2389       0.580291      0.404808
3.5          1.0362       0.128781      0.183172
4.5          1.18807      0.149765      0.167363
5.5          1.06082      0.195335      0.133914 
6.5          0.875503     0.162489      0.106228
7.5          1.37393      0.466881      0.205477
9.5          0.916087     0.276366      0.161295

RdAu of omega->pi0gamma for 40-60% (ana946) 
pT	     RdAu         Sta.error     Sys.error 
2.5          1.28347      0.603701      0.419371
3.5          0.863856     0.110439      0.141548
4.5          1.17726      0.141871      0.165841
5.5          1.22122      0.215162      0.154162
6.5          1.01093      0.175457      0.12266
7.5          1.16686      0.370241      0.183261 
9.5          0.947151     0.299109      0.171799

RdAu of omega->pi0gamma for 60-88% (ana946) 
pT	     RdAu         Sta.error     Sys.error           
3.5          0.943216     0.168138      0.224891
4.5          1.14801      0.142052      0.16172
5.5          1.11816      0.205974      0.135273
6.5          1.01057      0.192412      0.135288
7.5          1.29843      0.427798      0.203925
9.5          0.989158     0.336863      0.19104

----------------------------------------------------------
RdAu of omega->pi+pi-pi0 for MB (ana946) 
pT	     RdAu         Sta.error     Sys.error  
3            1.07144      0.165397      0.143132
4            1.09145      0.103423      0.112871
5            1.18428      0.082247      0.149264
6            1.11962      0.0936803     0.132913
7            0.989704     0.117811      0.120042
8            0.818821     0.13208       0.0988931
9            0.728517     0.127776      0.0883014
10           0.750159     0.150166      0.103249 
11           0.766637     0.173805      0.106816
12.5         0.814708     0.25259       0.108766

RdAu of omega->pi+pi-pi0 for 0-20% (ana946) 
pT	     RdAu         Sta.error     Sys.error  
3            1.19411      0.281782      0.218381
4            1.18088      0.197937      0.173129
5            1.22285      0.119413      0.148694
6            1.13022      0.117603      0.13839
7            0.978087     0.118219      0.122208
8            0.796397     0.142666      0.102567
9            0.71188      0.159003      0.101405 
10           0.802076     0.182495      0.119355
11           0.846007     0.208808      0.127218
12.5         0.744983     0.302177      0.149597

RdAu of omega->pi+pi-pi0 for 20-40% (ana946) 
pT	     RdAu         Sta.error     Sys.error  
3            1.15991      0.290316      0.212127
4            1.08003      0.174226      0.141209
5            1.14592      0.115503      0.139339
6            1.1236       0.118224      0.137579
7            1.05206      0.164185      0.136003
8            0.931936     0.164831      0.124638
9            0.886921     0.169265      0.111452
10           0.746117     0.1598        0.106681
11           0.849183     0.226504      0.138531
12.5         0.886695     0.310303      0.142488

RdAu of omega->pi+pi-pi0 for 20-40% (ana946) 
pT	     RdAu         Sta.error     Sys.error  
3            1.15991      0.290316      0.212127
4            1.08003      0.174226      0.141209
5            1.14592      0.115503      0.139339
6            1.1236       0.118224      0.137579
7            1.05206      0.164185      0.136003
8            0.931936     0.164831      0.124638
9            0.886921     0.169265      0.111452
10           0.746117     0.1598        0.106681
11           0.849183     0.226504      0.138531
12.5         0.886695     0.310303      0.142488

RdAu of omega->pi+pi-pi0 for 40-60% (ana946) 
pT	     RdAu         Sta.error     Sys.error 
3            1.05448      0.217657      0.165878
4            1.08041      0.164634      0.141258
5            1.12919      0.118679      0.142321
6            1.15305      0.126424      0.146272
7            0.940779     0.176151      0.137016
8            0.887498     0.210291      0.134556
9            0.804231     0.169431      0.11456
10           0.875369     0.203743      0.135735
11           0.896635     0.247324      0.146272
12.5         0.89109      0.338521      0.164123

RdAu of omega->pi+pi-pi0 for 60-88% (ana946) 
pT	     RdAu         Sta.error     Sys.error 
3            1.04915      0.204049      0.16504
4            1.00598      0.140755      0.124002
5            1.1299       0.19935       0.168676
6            1.19872      0.183358      0.164765
7            0.92109      0.14138       0.123617
8            1.01895      0.200117      0.141875
9            0.864451     0.204347      0.128775
10           0.891224     0.22278       0.144102
11           0.999869     0.294266      0.177213
12.5         1.46959      0.519165      0.247325


