  2.25  0.05    1.060e-03    3.269e-04    30.83    2.212e-04    2.407e-04    3.187e-04    2.219e-04
  2.75  0.05    3.340e-04    1.023e-04    30.62    6.830e-05    7.611e-05    9.943e-05    7.025e-05
  3.25  0.05    1.107e-04    2.338e-05    21.13    1.649e-05    1.658e-05    2.186e-05    1.344e-05
  3.75  0.05    4.037e-05    9.049e-06    22.42    6.661e-06    6.125e-06    8.470e-06    4.997e-06
  4.50  0.05    1.160e-05    3.107e-06    26.79    2.536e-06    1.796e-06    2.948e-06    1.480e-06
  5.50  0.05    1.665e-06    1.069e-06    64.20    1.036e-06    2.653e-07    1.058e-06    2.215e-07


 pT   pT_err   Ntot   Ntot_err   (Rel_toterr %)   Stat_err   Syst_err   CCuncorr_toterr   pTcorr_toterr

Comments: David d'Enterria (denterri@bnl.gov)
