  2.25  0.05    1.258e-02    3.658e-03    29.09    3.159e-03    1.844e-03    3.555e-03    1.478e-03
  2.75  0.05    3.902e-03    1.121e-03    28.74    9.609e-04    5.779e-04    1.086e-03    4.655e-04
  3.25  0.05    8.785e-04    1.703e-04    19.38    1.081e-04    1.316e-04    1.570e-04    1.067e-04
  3.75  0.05    2.326e-04    5.129e-05    22.05    3.722e-05    3.529e-05    4.789e-05    2.879e-05
  4.50  0.05    6.440e-05    1.600e-05    24.84    1.250e-05    9.974e-06    1.503e-05    8.219e-06
  5.50  0.05    1.142e-05    2.566e-06    22.46    1.809e-06    1.820e-06    2.337e-06    1.520e-06
  6.50  0.05    2.797e-06    1.053e-06    37.65    9.480e-07    4.585e-07    1.015e-06    3.873e-07
  7.50  0.05    9.595e-07    2.629e-07    27.39    2.073e-07    1.617e-07    2.417e-07    1.380e-07
  8.50  0.05    4.087e-07    1.838e-07    44.96    1.696e-07    7.067e-08    1.777e-07    6.090e-08
  9.50  0.05    1.507e-07    8.253e-08    54.75    7.809e-08    2.671e-08    8.050e-08    2.320e-08



 pT   pT_err   Ntot   Ntot_err   (Rel_toterr %)   Stat_err   Syst_err   CCuncorr_toterr   pTcorr_toterr

Comments: David d'Enterria (denterri@bnl.gov)
