dphi|yield|stat|sys
2 < xi < 2.4
0.157   -0.0154779   0.0209193   0.0544145  
0.471   -0.0438943   0.0238214   0.0395412  
0.785   -0.0528425   0.0282955   0.029142  
1.099   -0.0579212   0.0343416   0.0388156  
1.413   0.00532052   0.0499404   0.0499404  
1.727   0.00374855   0.0492148   0.0499404  
2.041   0.136641   0.0357926   0.0409922  
2.355   0.0733991   0.0268445   0.0282955  
2.669   0.0651764   0.0246679   0.0380901  
2.983   0.0178963   0.0238214   0.0544145  
    
1.6 < xi < 2
0.157   0.0183606   0.0133072   0.0459858  
0.471   0.0294781   0.0146548   0.0239193  
0.785   0.0202135   0.0161708   0.0128019  
1.099   0.00370581   0.0230771   0.0197082  
1.413   0.0449751   0.0321732   0.0326785  
1.727   0.0434591   0.0299834   0.031331  
2.041   0.115049   0.0220664   0.0271198  
2.355   0.0790012   0.017013   0.018866  
2.669   0.0874235   0.0151601   0.0262776  
2.983   0.0781589   0.0143179   0.0368897  
   
1.2 < xi < 1.6
0.157   -0.0151606   0.00813884   0.0459605  
0.471   0.0284061   0.00670257   0.0153202  
0.785   0.0271295   0.0126072   0.00606423  
1.099   0.0311191   0.0140435   0.0100539  
1.413   0.0517055   0.0193098   0.0140435  
1.727   0.0419709   0.0207461   0.0146818  
2.041   0.0244165   0.0134051   0.0126072  
2.355   0.0323958   0.00797925   0.0134051  
2.669   0.0392579   0.00861759   0.0146818  
2.983   0.0517055   0.00606423   0.0186714  

0.8 < xi < 1.2
0.157   0.00671238   0.00535068   0.0337381  
0.471   0.00847458   0.00511038   0.00767358  
0.785   0.00627984   0.00559098   0.00185832  
1.099   -0.00126558   0.00698472   0.00139374  
1.413   0.00406908   0.0116305   0.0046458  
1.727   0.00757746   0.0116465   0.00559098  
2.041   0.0255038   0.00791388   0.0046458  
2.355   0.0133447   0.00605556   0.00325206  
2.669   0.0270738   0.00511038   0.00698472  
2.983   0.0163404   0.00559098   0.00884304  
   
0.4 < xi < 0.8
0.157   0.0048714   0.0011197   0.0173916  
0.471   0.00319913   0.00139598   0.00222485  
0.785   0.000988822   0.00139598   0.00223939  
1.099   -0.00097428   0.00306826   0.00139598  
1.413   0.00235572   0.00306826   0.00167227  
1.727   -0.000363538   0.00389712   0.00139598  
2.041   0.00417341   0.00277743   0.0011197  
2.355   0.004028   0.0011197   0.00167227  
2.669   0.00404254   0.000828865   0.00168681  
2.983   0.00738708   0.00222485   0.00306826  

0.0 < xi < 0.4
0.157   0.00345284   0.00113129   0.00970813  
0.471   0.00016214   0.00150717   0.00132107  
0.785   0.00045694   0.00112945   0.00113498  
1.099   0.00119578   0.000753583   0.00131923  
1.413   0.000432987   0.00169694   0.00113314  
1.727   -0.00192173   0.00169878   0.00112761  
2.041   0.000160297   0.00150901   0.00113129  
2.355   0.00128238   0.00113314   0.00113682  
2.669   0.00159929   0.00112761   0.00169694  
2.983   0.00212993   0.00113498   0.00188488  
 
