
pi0 v2 as function of centrality.  All errors are absolute.
pT is in units of GeV/c.

Centrality 0-5%
<pT>  v2     Statist. Error  Sys. Err
====  =====  ==============  ========
1.21  0.052  +0.034  -0.034  0.011 
1.70  0.035  +0.022  -0.022  0.007 
2.20  0.051  +0.020  -0.020  0.010 
2.70  0.076  +0.023  -0.023  0.016 
3.21  0.039  +0.029  -0.029  0.008 
3.71  0.059  +0.039  -0.039  0.012 
4.37  0.040  +0.042  -0.042  0.008 
5.40  0.040  +0.070  -0.070  0.008 
6.41  0.052  +0.115  -0.115  0.011 
7.43  0.160  +0.206  -0.206  0.033 
8.43  0.168  +0.146  -0.146  0.034 
9.44  0.132  +0.171  -0.171  0.027 

Centrality 5-10%
<pT>  v2     Statist. Error  Sys. Err
====  =====  ==============  ========
1.21  0.079  +0.020  -0.020  0.010 
1.71  0.083  +0.013  -0.013  0.010 
2.20  0.106  +0.012  -0.012  0.013 
2.70  0.100  +0.014  -0.014  0.012 
3.21  0.109  +0.018  -0.018  0.014 
3.71  0.075  +0.024  -0.024  0.009 
4.38  0.091  +0.026  -0.026  0.011 
5.40  0.064  +0.041  -0.041  0.008 
6.41  0.062  +0.077  -0.077  0.008 
7.42  0.054  +0.158  -0.158  0.007 
8.43  0.002  +0.097  -0.097  0.0002 
9.44  0.118  +0.136  -0.136  0.015 

Centrality 0-10%
<pT>  v2     Statist. Error  Sys. Err
====  =====  ==============  ========
1.20  0.066  +0.018  -0.018  0.012
1.71  0.061  +0.012  -0.012  0.011
2.20  0.078  +0.011  -0.011  0.014
2.70  0.087  +0.013  -0.013  0.016
3.21  0.079  +0.016  -0.016  0.014
3.71  0.070  +0.021  -0.021  0.013
4.37  0.067  +0.023  -0.023  0.012
5.40  0.054  +0.037  -0.037  0.010
6.41  0.066  +0.064  -0.064  0.012
7.42  0.112  +0.124  -0.124  0.020
8.43  0.071  +0.087  -0.087  0.013
9.44  0.189  +0.108  -0.108  0.034

Centrality 10-20%
<pT>  v2     Statist. Error  Sys. Err
====  =====  ==============  ========
1.20  0.106  +0.010  -0.010  0.008
1.71  0.131  +0.006  -0.006  0.010
2.20  0.138  +0.006  -0.006  0.010
2.70  0.141  +0.007  -0.007  0.010
3.21  0.145  +0.009  -0.009  0.011
3.71  0.130  +0.012  -0.012  0.010
4.37  0.114  +0.014  -0.014  0.008
5.40  0.105  +0.024  -0.024  0.008
6.41  0.043  +0.037  -0.037  0.003
7.42  0.075  +0.088  -0.088  0.006
8.43  0.076  +0.059  -0.059  0.006
9.44  0.151  +0.083  -0.083  0.011

Centrality 20-30%
<pT>  v2     Statist. Error  Sys. Err
====  =====  ==============  ========
1.21  0.125  +0.008  -0.008  0.008 
1.71  0.159  +0.005  -0.005  0.010 
2.20  0.183  +0.005  -0.005  0.011 
2.70  0.193  +0.006  -0.006  0.012 
3.21  0.172  +0.008  -0.008  0.010 
3.71  0.175  +0.011  -0.011  0.010 
4.38  0.147  +0.012  -0.012  0.009 
5.40  0.139  +0.022  -0.022  0.008 
6.41  0.097  +0.037  -0.037  0.006 
7.42  0.074  +0.073  -0.073  0.004 
8.43  0.070  +0.059  -0.059  0.004 
9.44 -0.035  +0.087  -0.087  0.002


Centrality 30-40%
<pT>  v2     Statist. Error  Sys. Err
====  =====  ==============  ========
1.21  0.143  +0.007  -0.007  0.008
1.71  0.181  +0.005  -0.005  0.010
2.20  0.196  +0.005  -0.005  0.011
2.71  0.199  +0.007  -0.007  0.011
3.21  0.194  +0.009  -0.009  0.011
3.71  0.163  +0.012  -0.012  0.009
4.38  0.172  +0.013  -0.013  0.010
5.40  0.121  +0.024  -0.024  0.007
6.41  0.200  +0.042  -0.042  0.011
7.43  0.070  +0.088  -0.088  0.004
8.43  0.113  +0.071  -0.071  0.006
9.44  0.199  +0.118  -0.118  0.011


Centrality 40-50%
<pT>  v2     Statist. Error  Sys. Err
====  =====  ==============  ========
1.20  0.160  +0.008  -0.008  0.009 
1.71  0.193  +0.006  -0.006  0.010 
2.21  0.208  +0.006  -0.006  0.011 
2.71  0.194  +0.008  -0.008  0.010 
3.21  0.200  +0.011  -0.011  0.011 
3.72  0.182  +0.015  -0.015  0.010 
4.38  0.161  +0.018  -0.018  0.009 
5.40  0.198  +0.032  -0.032  0.011 
6.41  0.175  +0.055  -0.055  0.009 
7.42  0.106  +0.133  -0.133  0.006 
8.43  0.196  +0.112  -0.112  0.011 
9.44 -0.084  +0.214  -0.214  0.005


Centrality 50-60%
<pT>  v2     Statist. Error  Sys. Err
====  =====  ==============  ========
1.21  0.153  +0.010  -0.010  0.009 
1.71  0.175  +0.008  -0.008  0.010 
2.21  0.204  +0.009  -0.009  0.012 
2.71  0.200  +0.012  -0.012  0.012 
3.21  0.181  +0.016  -0.016  0.011 
3.72  0.187  +0.023  -0.023  0.011 
4.38  0.141  +0.028  -0.028  0.008 
5.40  0.070  +0.050  -0.050  0.004 
6.41 -0.044  +0.097  -0.097  0.003
7.42  0.235  +0.168  -0.168  0.014 
8.43 -0.042  +0.234  -0.234  0.002
9.44  0.520  +0.428  -0.428  0.031 


Centrality 0-20%
<pT>  v2     Statist. Error  Sys. Err
====  =====  ==============  ========
1.20  0.083  +0.011  -0.011  0.011
1.71  0.091  +0.007  -0.007  0.012
2.20  0.104  +0.007  -0.007  0.014
2.70  0.110  +0.008  -0.008  0.015
3.21  0.107  +0.010  -0.010  0.015
3.71  0.097  +0.013  -0.013  0.013
4.37  0.088  +0.014  -0.014  0.012
5.40  0.077  +0.023  -0.023  0.010
6.41  0.056  +0.039  -0.039  0.007
7.42  0.096  +0.081  -0.079  0.013
8.43  0.074  +0.055  -0.054  0.010
9.44  0.170  +0.074  -0.072  0.023


Centrality 20-40%
<pT>  v2     Statist. Error  Sys. Err
====  =====  ==============  ========
1.21  0.133  +0.005  -0.005  0.008
1.71  0.169  +0.004  -0.004  0.010
2.20  0.189  +0.004  -0.004  0.011
2.71  0.197  +0.005  -0.005  0.012
3.21  0.182  +0.006  -0.006  0.011
3.71  0.171  +0.008  -0.008  0.010
4.38  0.158  +0.009  -0.009  0.009
5.40  0.132  +0.016  -0.016  0.008
6.41  0.140  +0.027  -0.027  0.008
7.42  0.071  +0.055  -0.054  0.004
8.43  0.088  +0.045  -0.044  0.005
9.44  0.062  +0.070  -0.069  0.004


Centrality 40-60%
<pT>  v2     Statist. Error  Sys. Err
====  =====  ==============  ========
1.21  0.159  +0.007  -0.007  0.009 
1.71  0.188  +0.005  -0.005  0.010 
2.21  0.208  +0.006  -0.006  0.012 
2.71  0.198  +0.008  -0.008  0.011 
3.21  0.195  +0.010  -0.010  0.011 
3.72  0.185  +0.014  -0.014  0.010 
4.38  0.155  +0.017  -0.017  0.009
5.40  0.149  +0.031  -0.030  0.008 
6.41  0.093  +0.056  -0.055  0.005 
7.42  0.152  +0.118  -0.113  0.008 
8.43  0.114  +0.126  -0.124  0.006 
9.44  0.168  +0.266  -0.231  0.009 


Centrality 0-92%
<pT>  v2     Statist. Error  Sys. Err
====  =====  ==============  ========
1.20  0.106  +0.009  -0.009  0.013
1.71  0.125  +0.006  -0.006  0.015
2.20  0.142  +0.006  -0.006  0.017
2.71  0.146  +0.008  -0.008  0.018
3.21  0.143  +0.011  -0.011  0.017
3.71  0.136  +0.015  -0.015  0.016
4.38  0.127  +0.017  -0.017  0.015
5.40  0.108  +0.033  -0.033  0.013
6.41  0.084  +0.059  -0.059  0.010
7.42  0.083  +0.136  -0.145  0.009
8.43  0.113  +0.099  -0.109  0.011
9.44  0.149  +0.156  -0.123  0.012
