Data Points for RAA versus path length
The following table summarizes the data found in:

 Figure 21: RAA vs. Lepislon,hs
 Figure 22: RAA vs. Lepislon
 Figure 23: RAA vs. rhoLxy
 Figure 24: RAA vs. rhoLxy/rho0



Centrality  dphi   Lepsihs  Lepsi   RhoLxy  RhoLxyDiv  RAA     Stat      Sys
                                                               Err       Err
================================================================================
                               1.0 < pT < 1.5
================================================================================
10-20       0-15    5.719   3.234   1.904   0.4964     0.514   0.00935   0.00475
            15-30   5.825   3.294   1.93    0.5035     0.481   0.0088    0.00348
            30-45   6.023   3.406   1.998   0.5209     0.443   0.00811   0.00132
            45-60   6.28    3.551   2.106   0.5491     0.4     0.00735   0.00139
            60-75   6.53    3.693   2.18    0.5681     0.358   0.00661   0.00393
            75-90   6.689   3.783   2.244   0.5851     0.337   0.00624   0.00552
--------------------------------------------------------------------------------
20-30       0-15    5.178   2.779   1.418   0.4109     0.565   0.00893   0.00385
            15-30   5.315   2.852   1.45    0.4203     0.533   0.00843   0.00287
            30-45   5.578   2.994   1.521   0.4411     0.477   0.00759   0.00109
            45-60   5.938   3.187   1.644   0.4765     0.421   0.00672   0.00115
            60-75   6.313   3.388   1.735   0.5031     0.371   0.00596   0.00329
            75-90   6.564   3.523   1.821   0.5273     0.346   0.00556   0.00468
--------------------------------------------------------------------------------
30-40       0-15    4.772   2.427   1.029   0.3414     0.634   0.0093    0.00414
            15-30   4.923   2.503   1.059   0.3518     0.599   0.00878   0.00311
            30-45   5.222   2.655   1.123   0.3728     0.526   0.00778   0.00117
            45-60   5.646   2.871   1.238   0.4103     0.459   0.0068    0.00125
            60-75   6.111   3.107   1.33    0.4419     0.397   0.0059    0.0036
            75-90   6.438   3.274   1.421   0.4711     0.36    0.00537   0.00506
--------------------------------------------------------------------------------
40-50       0-15    4.453   2.136   0.7044  0.2816     0.721   0.00933   0.00549
            15-30   4.611   2.212   0.7287  0.2919     0.669   0.00869   0.00407
            30-45   4.93    2.365   0.7776  0.3109     0.596   0.00776   0.00157
            45-60   5.396   2.589   0.872   0.3479     0.505   0.0066    0.00165
            60-75   5.928   2.844   0.9497  0.3806     0.424   0.00559   0.00469
            75-90   6.318   3.031   1.034   0.414      0.379   0.00501   0.00658
--------------------------------------------------------------------------------
50-60       0-15    4.256   1.916   0.4424  0.2325     0.798   0.0101    0.00909
            15-30   4.417   1.988   0.459   0.2414     0.751   0.00955   0.00677
            30-45   4.745   2.136   0.4924  0.259      0.665   0.00849   0.00255
            45-60   5.233   2.355   0.5587  0.2922     0.562   0.00722   0.00261
            60-75   5.805   2.613   0.614   0.323      0.485   0.00621   0.00743
            75-90   6.234   2.806   0.6775  0.3557     0.435   0.0056    0.0103
================================================================================
                               1.5 < pT < 2.0
================================================================================
10-20       0-15    5.719   3.234   1.936   0.5046     0.57    0.00748   0.00319
            15-30   5.825   3.294   1.963   0.5119     0.539   0.00709   0.00239
            30-45   6.023   3.406   2.033   0.5301     0.486   0.00643   0.000914
            45-60   6.28    3.551   2.146   0.5594     0.424   0.00564   0.000962
            60-75   6.53    3.693   2.224   0.5795     0.37    0.00496   0.00275
            75-90   6.689   3.783   2.292   0.5974     0.341   0.00457   0.00388
--------------------------------------------------------------------------------
20-30       0-15    5.178   2.779   1.455   0.4215     0.677   0.00818   0.00273
            15-30   5.315   2.852   1.489   0.4314     0.626   0.00761   0.00204
            30-45   5.578   2.994   1.565   0.4537     0.552   0.00674   0.000784
            45-60   5.938   3.187   1.696   0.4914     0.475   0.00582   0.000849
            60-75   6.313   3.388   1.797   0.5208     0.397   0.00491   0.00244
            75-90   6.564   3.523   1.891   0.5472     0.358   0.00443   0.00349
--------------------------------------------------------------------------------
30-40       0-15    4.772   2.427   1.056   0.3501     0.758   0.00882   0.00307
            15-30   4.923   2.503   1.088   0.361      0.716   0.00832   0.00235
            30-45   5.222   2.655   1.156   0.3836     0.622   0.00726   0.000907
            45-60   5.646   2.871   1.279   0.4235     0.512   0.00603   0.000965
            60-75   6.111   3.107   1.381   0.4585     0.42    0.00497   0.0028
            75-90   6.438   3.274   1.481   0.4905     0.37    0.00439   0.00401
--------------------------------------------------------------------------------
40-50       0-15    4.453   2.136   0.7235  0.2888     0.865   0.00969   0.0045
            15-30   4.611   2.212   0.7489  0.2996     0.802   0.009     0.00338
            30-45   4.93    2.365   0.8017  0.3201     0.691   0.00779   0.0013
            45-60   5.396   2.589   0.9025  0.3595     0.561   0.00638   0.00136
            60-75   5.928   2.844   0.9893  0.3958     0.455   0.0052    0.00395
            75-90   6.318   3.031   1.081   0.4323     0.398   0.00455   0.00566
--------------------------------------------------------------------------------
50-60       0-15    4.256   1.916   0.4537  0.238      0.929   0.0105    0.00786
            15-30   4.417   1.988   0.4711  0.2472     0.874   0.00983   0.00591
            30-45   4.745   2.136   0.5069  0.2661     0.757   0.00855   0.00222
            45-60   5.233   2.355   0.5774  0.3013     0.635   0.00719   0.00231
            60-75   5.805   2.613   0.6389  0.3354     0.523   0.00594   0.00651
            75-90   6.234   2.806   0.708   0.3709     0.462   0.00525   0.00912
================================================================================
                               2.0 < pT < 2.5
================================================================================
10-20       0-15    5.719   3.234   1.925   0.5018     0.562   0.0074    0.00297
            15-30   5.825   3.294   1.952   0.509      0.534   0.00703   0.00224
            30-45   6.023   3.406   2.021   0.527      0.47    0.00625   0.000844
            45-60   6.28    3.551   2.132   0.5559     0.413   0.00551   0.000904
            60-75   6.53    3.693   2.209   0.5756     0.354   0.00477   0.00256
            75-90   6.689   3.783   2.276   0.5932     0.329   0.00442   0.00368
--------------------------------------------------------------------------------
20-30       0-15    5.178   2.779   1.448   0.4196     0.681   0.00835   0.00268
            15-30   5.315   2.852   1.482   0.4295     0.633   0.00779   0.00203
            30-45   5.578   2.994   1.558   0.4515     0.547   0.00679   0.000784
            45-60   5.938   3.187   1.687   0.4888     0.452   0.00566   0.000845
            60-75   6.313   3.388   1.786   0.5177     0.375   0.00473   0.00251
            75-90   6.564   3.523   1.878   0.5437     0.325   0.00413   0.00355
--------------------------------------------------------------------------------
30-40       0-15    4.772   2.427   1.048   0.3474     0.752   0.00892   0.00317
            15-30   4.923   2.503   1.079   0.3583     0.691   0.00823   0.00237
            30-45   5.222   2.655   1.146   0.3803     0.597   0.00715   0.000925
            45-60   5.646   2.871   1.267   0.4195     0.49    0.00591   0.001 
            60-75   6.111   3.107   1.366   0.4534     0.392   0.00478   0.00291
            75-90   6.438   3.274   1.463   0.4846     0.339   0.00415   0.00417
--------------------------------------------------------------------------------
40-50       0-15    4.453   2.136   0.7224  0.2884     0.869   0.01      0.00479
            15-30   4.611   2.212   0.7477  0.2991     0.813   0.00938   0.00365
            30-45   4.93    2.365   0.8002  0.3196     0.691   0.00804   0.0014
            45-60   5.396   2.589   0.9007  0.3588     0.55    0.00647   0.00147
            60-75   5.928   2.844   0.9869  0.3949     0.443   0.00522   0.00433
            75-90   6.318   3.031   1.078   0.4312     0.375   0.00444   0.00612
--------------------------------------------------------------------------------
50-60       0-15    4.256   1.916   0.4514  0.2369     0.946   0.0109    0.00879
            15-30   4.417   1.988   0.4686  0.2461     0.87    0.01      0.00654
            30-45   4.745   2.136   0.504   0.2646     0.757   0.00874   0.00252
            45-60   5.233   2.355   0.5736  0.2994     0.606   0.00704   0.0026
            60-75   5.805   2.613   0.6339  0.3329     0.482   0.00564   0.0074
            75-90   6.234   2.806   0.7018  0.3678     0.413   0.00483   0.0104
================================================================================
                               2.5 < pT < 3.0
================================================================================
10-20       0-15    5.719   3.234   1.873   0.4883     0.504   0.00741   0.00316
            15-30   5.825   3.294   1.898   0.4951     0.467   0.00692   0.00233
            30-45   6.023   3.406   1.963   0.5119     0.421   0.00626   0.0009
            45-60   6.28    3.551   2.066   0.5388     0.36    0.00542   0.000942
            60-75   6.53    3.693   2.136   0.5568     0.315   0.00475   0.00273
            75-90   6.689   3.783   2.197   0.5729     0.288   0.00436   0.00388
--------------------------------------------------------------------------------
20-30       0-15    5.178   2.779   1.418   0.4111     0.626   0.00861   0.0029
            15-30   5.315   2.852   1.45    0.4205     0.573   0.00795   0.00217
            30-45   5.578   2.994   1.522   0.4414     0.499   0.00695   0.000855
            45-60   5.938   3.187   1.645   0.4768     0.409   0.00575   0.000926
            60-75   6.313   3.388   1.736   0.5034     0.326   0.00466   0.0027
            75-90   6.564   3.523   1.822   0.5277     0.287   0.00411   0.00394
--------------------------------------------------------------------------------
30-40       0-15    4.772   2.427   1.034   0.3432     0.713   0.00944   0.00366
            15-30   4.923   2.503   1.065   0.3538     0.654   0.00871   0.00275
            30-45   5.222   2.655   1.13    0.3751     0.55    0.00743   0.00104
            45-60   5.646   2.871   1.247   0.4131     0.459   0.0062    0.00115
            60-75   6.111   3.107   1.341   0.4454     0.364   0.00498   0.00335
            75-90   6.438   3.274   1.434   0.4752     0.318   0.00434   0.00486
--------------------------------------------------------------------------------
40-50       0-15    4.453   2.136   0.7172  0.2865     0.832   0.0109    0.00596
            15-30   4.611   2.212   0.7423  0.2971     0.758   0.01      0.00441
            30-45   4.93    2.365   0.7937  0.3171     0.665   0.0088    0.00172
            45-60   5.396   2.589   0.8924  0.3557     0.534   0.00715   0.00179
            60-75   5.928   2.844   0.9762  0.3908     0.439   0.00588   0.00528
            75-90   6.318   3.031   1.065   0.4262     0.376   0.00505   0.0074
--------------------------------------------------------------------------------
50-60       0-15    4.256   1.916   0.4497  0.2361     0.916   0.0122    0.0112
            15-30   4.417   1.988   0.4668  0.2452     0.861   0.0114    0.00849
            30-45   4.745   2.136   0.5018  0.2635     0.739   0.00986   0.00321
            45-60   5.233   2.355   0.5708  0.2981     0.594   0.00801   0.00332
            60-75   5.805   2.613   0.6301  0.331      0.48    0.00648   0.00953
            75-90   6.234   2.806   0.6971  0.3655     0.409   0.00555   0.0133
================================================================================
                               3.0 < pT < 3.5
================================================================================
10-20       0-15    5.719   3.234   1.8     0.4697     0.43    0.0077    0.00341
            15-30   5.825   3.294   1.823   0.4758     0.405   0.00726   0.00256
            30-45   6.023   3.406   1.882   0.491      0.355   0.00644   0.000964
            45-60   6.28    3.551   1.974   0.5152     0.307   0.00561   0.00103
            60-75   6.53    3.693   2.036   0.5309     0.266   0.00488   0.00298
            75-90   6.689   3.783   2.09    0.5451     0.243   0.00447   0.00424
--------------------------------------------------------------------------------
20-30       0-15    5.178   2.779   1.379   0.3999     0.534   0.00883   0.00336
            15-30   5.315   2.852   1.409   0.4087     0.497   0.00825   0.00253
            30-45   5.578   2.994   1.476   0.4281     0.431   0.00722   0.000971
            45-60   5.938   3.187   1.59    0.4612     0.36    0.00607   0.00104
            60-75   6.313   3.388   1.672   0.485      0.305   0.0052    0.0031
            75-90   6.564   3.523   1.75    0.507      0.267   0.00458   0.00437
--------------------------------------------------------------------------------
30-40       0-15    4.772   2.427   1.01    0.3355     0.622   0.00995   0.00419
            15-30   4.923   2.503   1.04    0.3456     0.582   0.00927   0.0032
            30-45   5.222   2.655   1.101   0.3656     0.498   0.00808   0.00123
            45-60   5.646   2.871   1.21    0.4014     0.417   0.00677   0.00135
            60-75   6.111   3.107   1.296   0.4308     0.328   0.00543   0.00387
            75-90   6.438   3.274   1.381   0.4582     0.285   0.00475   0.00554
--------------------------------------------------------------------------------
40-50       0-15    4.453   2.136   0.7104  0.2839     0.788   0.0123    0.00738
            15-30   4.611   2.212   0.735   0.2943     0.745   0.0116    0.00567
            30-45   4.93    2.365   0.7852  0.3138     0.625   0.00999   0.00213
            45-60   5.396   2.589   0.8816  0.3515     0.514   0.0082    0.00229
            60-75   5.928   2.844   0.9621  0.3853     0.407   0.00662   0.00654
            75-90   6.318   3.031   1.048   0.4197     0.355   0.00573   0.00944
--------------------------------------------------------------------------------
50-60       0-15    4.256   1.916   0.4478  0.2351     0.88    0.0145    0.0152
            15-30   4.417   1.988   0.4647  0.2442     0.814   0.0137    0.0113
            30-45   4.745   2.136   0.4993  0.2623     0.72    0.0119    0.00433
            45-60   5.233   2.355   0.5676  0.2965     0.589   0.00995   0.00445
            60-75   5.805   2.613   0.6258  0.3288     0.49    0.00817   0.0128
            75-90   6.234   2.806   0.6919  0.3629     0.421   0.00715   0.0175
================================================================================
                               3.5 < pT < 4.0
================================================================================
10-20       0-15    5.719   3.234   1.763   0.4602     0.39    0.00867   0.00425
            15-30   5.825   3.294   1.785   0.466      0.364   0.00809   0.00314
            30-45   6.023   3.406   1.841   0.4804     0.329   0.00734   0.0012
            45-60   6.28    3.551   1.928   0.5033     0.291   0.00652   0.00128
            60-75   6.53    3.693   1.986   0.5179     0.249   0.0057    0.00359
            75-90   6.689   3.783   2.036   0.5312     0.234   0.00531   0.00517
--------------------------------------------------------------------------------
20-30       0-15    5.178   2.779   1.364   0.3955     0.511   0.0105    0.00426
            15-30   5.315   2.852   1.393   0.4041     0.468   0.00973   0.00317
            30-45   5.578   2.994   1.458   0.4229     0.418   0.00871   0.00125
            45-60   5.938   3.187   1.569   0.4551     0.348   0.00729   0.00134
            60-75   6.313   3.388   1.648   0.4778     0.281   0.00611   0.00383
            75-90   6.564   3.523   1.723   0.4989     0.256   0.00548   0.00564
--------------------------------------------------------------------------------
30-40       0-15    4.772   2.427   1.008   0.3347     0.593   0.0119    0.00586
            15-30   4.923   2.503   1.037   0.3448     0.552   0.0111    0.00439
            30-45   5.222   2.655   1.098   0.3647     0.487   0.00982   0.00169
            45-60   5.646   2.871   1.207   0.4003     0.418   0.00846   0.00183
            60-75   6.111   3.107   1.292   0.4294     0.341   0.00702   0.00513
            75-90   6.438   3.274   1.376   0.4565     0.311   0.00653   0.00744
--------------------------------------------------------------------------------
40-50       0-15    4.453   2.136   0.7025  0.2809     0.738   0.0148    0.00997
            15-30   4.611   2.212   0.7266  0.2911     0.676   0.0139    0.00737
            30-45   4.93    2.365   0.7752  0.31       0.588   0.0123    0.00282
            45-60   5.396   2.589   0.8689  0.3467     0.495   0.0104    0.00303
            60-75   5.928   2.844   0.9457  0.379      0.397   0.00833   0.00853
            75-90   6.318   3.031   1.029   0.4121     0.356   0.00753   0.0123
--------------------------------------------------------------------------------
50-60       0-15    4.256   1.916   0.4444  0.2335     0.856   0.019     0.0209
            15-30   4.417   1.988   0.4612  0.2425     0.791   0.0175    0.0155
            30-45   4.745   2.136   0.495   0.2602     0.682   0.0154    0.00582
            45-60   5.233   2.355   0.562   0.2938     0.577   0.0128    0.00622
            60-75   5.805   2.613   0.6185  0.3252     0.477   0.0107    0.0179
            75-90   6.234   2.806   0.6829  0.3584     0.392   0.00883   0.0236
================================================================================
                               4.0 < pT < 5.0
================================================================================
10-20       0-15    5.719   3.234   1.707   0.4455     0.336   0.01      0.00412
            15-30   5.825   3.294   1.726   0.451      0.319   0.00943   0.00307
            30-45   6.023   3.406   1.778   0.4642     0.292   0.00869   0.00117
            45-60   6.28    3.551   1.858   0.4851     0.261   0.00781   0.00123
            60-75   6.53    3.693   1.909   0.4982     0.234   0.007     0.00352
            75-90   6.689   3.783   1.954   0.51       0.213   0.00635   0.00484
--------------------------------------------------------------------------------
20-30       0-15    5.178   2.779   1.342   0.3894     0.461   0.0125    0.00446
            15-30   5.315   2.852   1.37    0.3977     0.43    0.0117    0.00334
            30-45   5.578   2.994   1.432   0.4157     0.381   0.0104    0.00128
            45-60   5.938   3.187   1.538   0.4465     0.322   0.00889   0.00133
            60-75   6.313   3.388   1.612   0.4679     0.284   0.00782   0.00396
            75-90   6.564   3.523   1.683   0.4879     0.258   0.00718   0.00562
--------------------------------------------------------------------------------
30-40       0-15    4.772   2.427   0.9919  0.3295     0.559   0.0152    0.00605
            15-30   4.923   2.503   1.02    0.3392     0.527   0.0141    0.0046
            30-45   5.222   2.655   1.078   0.3583     0.448   0.0124    0.00173
            45-60   5.646   2.871   1.183   0.3924     0.379   0.0104    0.00186
            60-75   6.111   3.107   1.262   0.4197     0.322   0.00891   0.00553
            75-90   6.438   3.274   1.342   0.4453     0.279   0.00771   0.0077
--------------------------------------------------------------------------------
40-50       0-15    4.453   2.136   0.7004  0.2801     0.697   0.0199    0.0118
            15-30   4.611   2.212   0.7244  0.2903     0.658   0.0186    0.0089
            30-45   4.93    2.365   0.7725  0.309      0.583   0.0164    0.0034
            45-60   5.396   2.589   0.8655  0.3454     0.483   0.0141    0.0035
            60-75   5.928   2.844   0.9414  0.3773     0.411   0.0119    0.0101
            75-90   6.318   3.031   1.024   0.4101     0.372   0.0108    0.0144
--------------------------------------------------------------------------------
50-60       0-15    4.256   1.916   0.4492  0.2358     0.826   0.0265    0.0262
            15-30   4.417   1.988   0.4663  0.2449     0.804   0.025     0.0201
            30-45   4.745   2.136   0.5012  0.2633     0.722   0.0223    0.00758
            45-60   5.233   2.355   0.57    0.2977     0.611   0.0192    0.00765
            60-75   5.805   2.613   0.629   0.3305     0.534   0.0171    0.0217
            75-90   6.234   2.806   0.6959  0.3648     0.48    0.0155    0.0298
================================================================================
                               5.0 < pT < 6.0
================================================================================
10-20       0-15    5.719   3.234   1.665   0.4348     0.301   0.0137    0.00667
            15-30   5.825   3.294   1.684   0.4399     0.294   0.0134    0.00509
            30-45   6.023   3.406   1.732   0.4523     0.267   0.0121    0.0019
            45-60   6.28    3.551   1.807   0.4718     0.246   0.0113    0.00204
            60-75   6.53    3.693   1.854   0.4839     0.218   0.00993   0.00569
            75-90   6.689   3.783   1.895   0.4948     0.199   0.0094    0.00774
--------------------------------------------------------------------------------
20-30       0-15    5.178   2.779   1.312   0.3807     0.42    0.0178    0.00775
            15-30   5.315   2.852   1.338   0.3886     0.382   0.0166    0.00563
            30-45   5.578   2.994   1.396   0.4055     0.347   0.0151    0.00219
            45-60   5.938   3.187   1.496   0.4345     0.301   0.0134    0.00233
            60-75   6.313   3.388   1.564   0.454      0.26    0.0118    0.00667
            75-90   6.564   3.523   1.629   0.4724     0.24    0.0112    0.00956
--------------------------------------------------------------------------------
30-40       0-15    4.772   2.427   0.9804  0.3258     0.492   0.0225    0.011 
            15-30   4.923   2.503   1.008   0.3353     0.469   0.0204    0.00827
            30-45   5.222   2.655   1.064   0.3537     0.428   0.0192    0.00316
            45-60   5.646   2.871   1.165   0.3869     0.37    0.0169    0.00324
            60-75   6.111   3.107   1.241   0.4129     0.315   0.0147    0.00889
            75-90   6.438   3.274   1.318   0.4373     0.318   0.0142    0.0136
--------------------------------------------------------------------------------
40-50       0-15    4.453   2.136   0.7008  0.2802     0.75    0.035     0.0212
            15-30   4.611   2.212   0.7248  0.2904     0.708   0.0315    0.0163
            30-45   4.93    2.365   0.773   0.3092     0.557   0.0282    0.00572
            45-60   5.396   2.589   0.8662  0.3456     0.466   0.0233    0.00625
            60-75   5.928   2.844   0.9422  0.3776     0.385   0.0188    0.0186
            75-90   6.318   3.031   1.025   0.4105     0.345   0.0169    0.0274
--------------------------------------------------------------------------------
50-60       0-15    4.256   1.916   0.4487  0.2356     0.757   0.039     0.0497
            15-30   4.417   1.988   0.4657  0.2447     0.715   0.0404    0.0358
            30-45   4.745   2.136   0.5005  0.2629     0.672   0.0378    0.0132
            45-60   5.233   2.355   0.5691  0.2972     0.642   0.0334    0.0138
            60-75   5.805   2.613   0.6278  0.3299     0.605   0.0323    0.0384
            75-90   6.234   2.806   0.6944  0.3641     0.563   0.0302    0.0514
================================================================================
                               6.0 < pT < 7.0
================================================================================
10-20       0-15    5.719   3.234   1.678   0.4381     0.281   0.017     0.0113
            15-30   5.825   3.294   1.697   0.4433     0.278   0.0173    0.00842
            30-45   6.023   3.406   1.746   0.456      0.261   0.0175    0.00305
            45-60   6.28    3.551   1.822   0.4759     0.264   0.0184    0.00327
            60-75   6.53    3.693   1.871   0.4883     0.241   0.0154    0.00862
            75-90   6.689   3.783   1.913   0.4995     0.24    0.0154    0.0121
--------------------------------------------------------------------------------
20-30       0-15    5.178   2.779   1.317   0.3823     0.396   0.0258    0.0133
            15-30   5.315   2.852   1.344   0.3903     0.368   0.0231    0.00958
            30-45   5.578   2.994   1.403   0.4074     0.357   0.0228    0.00381
            45-60   5.938   3.187   1.504   0.4368     0.312   0.0207    0.00384
            60-75   6.313   3.388   1.573   0.4565     0.277   0.0184    0.0106
            75-90   6.564   3.523   1.639   0.4753     0.274   0.0171    0.0156
--------------------------------------------------------------------------------
30-40       0-15    4.772   2.427   0.9772  0.3248     0.537   0.0345    0.0177
            15-30   4.923   2.503   1.005   0.3342     0.496   0.0303    0.0134
            30-45   5.222   2.655   1.06    0.3525     0.437   0.0291    0.00533
            45-60   5.646   2.871   1.161   0.3853     0.376   0.0262    0.00608
            60-75   6.111   3.107   1.235   0.411      0.261   0.0182    0.0155
            75-90   6.438   3.274   1.311   0.4351     0.249   0.0193    0.0247
--------------------------------------------------------------------------------
40-50       0-15    4.453   2.136   0.696   0.2784     0.734   0.0502    0.0376
            15-30   4.611   2.212   0.7198  0.2885     0.625   0.043     0.0258
            30-45   4.93    2.365   0.7671  0.3069     0.546   0.0439    0.00986
            45-60   5.396   2.589   0.8586  0.3428     0.465   0.0358    0.0106
            60-75   5.928   2.844   0.9325  0.3739     0.377   0.0287    0.0299
            75-90   6.318   3.031   1.013   0.406      0.363   0.0273    0.046 
--------------------------------------------------------------------------------
50-60       0-15    4.256   1.916   0.443   0.2328     0.564   0.0506    0.0928
            15-30   4.417   1.988   0.4596  0.2417     0.597   0.0585    0.0698
            30-45   4.745   2.136   0.4931  0.2593     0.572   0.0538    0.0233
            45-60   5.233   2.355   0.5596  0.2926     0.631   0.0492    0.0243
            60-75   5.805   2.613   0.6152  0.3236     0.717   0.0626    0.0721
            75-90   6.234   2.806   0.6789  0.3564     0.635   0.0558    0.085 
================================================================================
                               7.0 < pT < 8.0
================================================================================
10-20       0-15    5.719   3.234   1.673   0.4368     0.297   0.032     0.0259
            15-30   5.825   3.294   1.692   0.442      0.282   0.0371    0.0189
            30-45   6.023   3.406   1.741   0.4546     0.272   0.0338    0.00728
            45-60   6.28    3.551   1.816   0.4743     0.248   0.0302    0.0074
            60-75   6.53    3.693   1.864   0.4865     0.222   0.0307    0.02  
            75-90   6.689   3.783   1.906   0.4976     0.227   0.03      0.0297
--------------------------------------------------------------------------------
20-30       0-15    5.178   2.779   1.289   0.3744     0.359   0.0367    0.0252
            15-30   5.315   2.852   1.315   0.3819     0.327   0.0401    0.0176
            30-45   5.578   2.994   1.371   0.3981     0.306   0.0352    0.00659
            45-60   5.938   3.187   1.465   0.4259     0.308   0.033     0.00739
            60-75   6.313   3.388   1.529   0.4441     0.27    0.0329    0.0196
            75-90   6.564   3.523   1.591   0.4614     0.261   0.029     0.0274
--------------------------------------------------------------------------------
30-40       0-15    4.772   2.427   0.9909  0.3292     0.458   0.0549    0.0415
            15-30   4.923   2.503   1.019   0.3389     0.482   0.0524    0.0335
            30-45   5.222   2.655   1.077   0.3578     0.429   0.0632    0.0118
            45-60   5.646   2.871   1.181   0.3919     0.387   0.0445    0.0118
            60-75   6.111   3.107   1.26    0.4191     0.377   0.0566    0.0343
            75-90   6.438   3.274   1.34    0.4445     0.369   0.0446    0.0484
--------------------------------------------------------------------------------
40-50       0-15    4.453   2.136   0.6859  0.2746     0.639   0.0859    0.0909
            15-30   4.611   2.212   0.7089  0.2844     0.527   0.0794    0.0585
            30-45   4.93    2.365   0.7543  0.302      0.492   0.0617    0.0224
            45-60   5.396   2.589   0.8424  0.3366     0.424   0.0665    0.0222
            60-75   5.928   2.844   0.9117  0.3659     0.42    0.0621    0.0689
            75-90   6.318   3.031   0.988   0.3964     0.406   0.0632    0.0989
--------------------------------------------------------------------------------
50-60       0-15    4.256   1.916   0.4461  0.2343     0.922   0.161     0.149 
            15-30   4.417   1.988   0.4629  0.2433     0.895   0.15      0.118 
            30-45   4.745   2.136   0.4971  0.2613     0.651   0.106     0.039 
            45-60   5.233   2.355   0.5648  0.2951     0.598   0.078     0.0481
            60-75   5.805   2.613   0.6221  0.327      0.424   0.0891    0.128 
            75-90   6.234   2.806   0.6873  0.3606     0.351   0.0421    0.182 
================================================================================
                               8.0 < pT < 9.0
================================================================================
10-20       0-15    5.719   3.234   1.666   0.435      0.296   0.0295    0.0173
            15-30   5.825   3.294   1.684   0.4401     0.28    0.0288    0.0126
            30-45   6.023   3.406   1.733   0.4526     0.255   0.0259    0.00458
            45-60   6.28    3.551   1.807   0.4721     0.258   0.0259    0.00517
            60-75   6.53    3.693   1.855   0.4841     0.22    0.0231    0.0133
            75-90   6.689   3.783   1.896   0.4951     0.219   0.0224    0.0192
--------------------------------------------------------------------------------
20-30       0-15    5.178   2.779   1.331   0.3863     0.415   0.0429    0.0239
            15-30   5.315   2.852   1.359   0.3944     0.356   0.0382    0.0157
            30-45   5.578   2.994   1.419   0.412      0.359   0.0377    0.0063
            45-60   5.938   3.187   1.523   0.4422     0.329   0.0349    0.0064
            60-75   6.313   3.388   1.595   0.4629     0.288   0.0316    0.0168
            75-90   6.564   3.523   1.664   0.4823     0.32    0.0332    0.0269
--------------------------------------------------------------------------------
30-40       0-15    4.772   2.427   0.984   0.327      0.387   0.0489    0.0263
            15-30   4.923   2.503   1.012   0.3365     0.543   0.0627    0.0288
            30-45   5.222   2.655   1.068   0.3551     0.476   0.0557    0.0104
            45-60   5.646   2.871   1.171   0.3886     0.396   0.0483    0.0101
            60-75   6.111   3.107   1.247   0.415      0.318   0.0405    0.0257
            75-90   6.438   3.274   1.325   0.4398     0.308   0.0386    0.0372
--------------------------------------------------------------------------------
40-50       0-15    4.453   2.136   0.7012  0.2804     0.724   0.103     0.072 
            15-30   4.611   2.212   0.7252  0.2906     0.658   0.0936    0.0532
            30-45   4.93    2.365   0.7736  0.3094     0.614   0.0865    0.0222
            45-60   5.396   2.589   0.8668  0.3459     0.535   0.0757    0.0251
            60-75   5.928   2.844   0.943   0.378      0.382   0.0579    0.0645
            75-90   6.318   3.031   1.026   0.4109     0.31    0.0484    0.0861
--------------------------------------------------------------------------------
50-60       0-15    4.256   1.916   0.4459  0.2342     0.536   0.118     0.212 
            15-30   4.417   1.988   0.4628  0.2432     0.682   0.121     0.192 
            30-45   4.745   2.136   0.4969  0.2612     0.661   0.13      0.0649
            45-60   5.233   2.355   0.5645  0.295      0.508   0.112     0.0474
            60-75   5.805   2.613   0.6217  0.3268     0.791   0.144     0.193 
            75-90   6.234   2.806   0.6869  0.3604     0.658   0.135     0.215 
================================================================================
                              9.0 < pT < 10.0
================================================================================
10-20       0-15    5.719   3.234   1.694   0.4422     0.397   0.0514    0.0278
            15-30   5.825   3.294   1.713   0.4475     0.327   0.0445    0.0183
            30-45   6.023   3.406   1.764   0.4605     0.223   0.034     0.00539
            45-60   6.28    3.551   1.842   0.481      0.249   0.0346    0.00746
            60-75   6.53    3.693   1.892   0.4937     0.203   0.03      0.0205
            75-90   6.689   3.783   1.936   0.5052     0.213   0.0296    0.0336
--------------------------------------------------------------------------------
20-30       0-15    5.178   2.779   1.334   0.3871     0.34    0.0539    0.0377
            15-30   5.315   2.852   1.362   0.3952     0.319   0.0514    0.0253
            30-45   5.578   2.994   1.423   0.4129     0.316   0.0518    0.00877
            45-60   5.938   3.187   1.527   0.4433     0.374   0.0584    0.00986
            60-75   6.313   3.388   1.599   0.4641     0.392   0.0606    0.0271
            75-90   6.564   3.523   1.669   0.4837     0.343   0.0554    0.0317
--------------------------------------------------------------------------------
30-40       0-15    4.772   2.427   1.019   0.3382     0.637   0.108     0.0588
            15-30   4.923   2.503   1.049   0.3485     0.588   0.103     0.0443
            30-45   5.222   2.655   1.111   0.3689     0.519   0.0901    0.0176
            45-60   5.646   2.871   1.223   0.4055     0.491   0.0838    0.0221
            60-75   6.111   3.107   1.312   0.4359     0.331   0.0686    0.0542
            75-90   6.438   3.274   1.4     0.4642     0.274   0.0572    0.0746
--------------------------------------------------------------------------------
40-50       0-15    4.453   2.136   0.699   0.2796     0.428   0.115     0.158 
            15-30   4.611   2.212   0.7229  0.2897     0.612   0.139     0.155 
            30-45   4.93    2.365   0.7709  0.3083     0.316   0.102     0.0263
            45-60   5.396   2.589   0.8634  0.3446     0.53    0.133     0.0392
            60-75   5.928   2.844   0.9386  0.3763     0.678   0.162     0.125 
            75-90   6.318   3.031   1.02    0.4088     0.609   0.143     0.145 
--------------------------------------------------------------------------------
50-60       0-15    4.256   1.916   0.454   0.2381     1.87    0.486     0.498 
            15-30   4.417   1.988   0.4714  0.2474     1.15    0.31      0.273 
            30-45   4.745   2.136   0.5073  0.2662     0.702   0.282     0.0914
            45-60   5.233   2.355   0.5779  0.3015     0.305   0.192     0.0774
            60-75   5.805   2.613   0.6396  0.3357     0.172   0.0728    0.369 
            75-90   6.234   2.806   0.7088  0.3713     -0.00539  -0.0018   -0.812
