NN reference from analysis note 193
pT      yield     ppnorm(%) fitlow_e(%) fitup_e(%) hpilow_e(%) hpiup_e(%) low_e(%) up_e(%) 
0.050  5.634e+00    10.4      2.8          9.7        13.1       5.9         17.0      15.4
0.150  2.880e+00    10.4      3.0          9.6        13.9       5.9         17.7      15.4
0.250  1.534e+00    10.4      3.2          9.6        14.5       5.9         18.1      15.3
0.350  8.474e-01    10.4      3.3          9.5        14.9       5.9         18.5      15.3
0.450  4.835e-01    10.4      3.5          9.4        15.1       5.9         18.7      15.2
0.550  2.838e-01    10.4      3.6          9.3        15.2       5.9         18.8      15.1
0.650  1.709e-01    10.4      3.7          9.2        15.2       5.9         18.8      15.1
0.750  1.053e-01    10.4      3.9          9.1        15.1       5.9         18.7      15.0
0.850  6.624e-02    10.4      4.0          9.0        14.9       5.9         18.6      15.0
0.950  4.245e-02    10.4      4.1          8.9        14.6       5.9         18.4      14.9
1.050  2.766e-02    10.4      4.2          8.8        14.3       5.9         18.1      14.8
1.150  1.831e-02    10.4      4.3          8.7        13.8       5.9         17.8      14.8
1.250  1.228e-02    10.4      4.4          8.6        13.3       5.9         17.4      14.7
1.350  8.347e-03    10.4      4.5          8.5        12.7       5.9         17.0      14.7
1.450  5.738e-03    10.4      4.6          8.4        12.0       5.9         16.5      14.6
1.550  3.985e-03    10.4      4.7          8.3        11.2       5.9         16.0      14.5
1.650  2.797e-03    10.4      4.8          8.1        10.4       5.9         15.4      14.5
1.750  1.986e-03    10.4      4.8          8.0        9.6       5.9         14.9      14.4
1.850  1.427e-03    10.4      4.9          7.9        8.9       5.9         14.5      14.3
1.950  1.036e-03    10.4      5.0          7.8        8.2       5.9         14.2      14.3
2.100  6.524e-04    10.4      5.1          7.6        7.3       5.9         13.7      14.2
2.300  3.636e-04    10.4      5.3          7.4        6.4       5.9         13.3      14.1
2.500  2.093e-04    10.4      5.5          7.2        5.8       5.9         13.1      13.9
2.700  1.240e-04    10.4      5.6          7.0        5.5       5.9         13.0      13.8
2.900  7.544e-05    10.4      5.8          6.8        5.9       5.9         13.3      13.7
3.125  4.435e-05    10.4      6.0          6.6        5.9       5.9         13.4      13.6
3.375  2.536e-05    10.4      6.2          6.4        5.9       5.9         13.5      13.6
3.625  1.493e-05    10.4      6.5          6.3        5.9       5.9         13.6      13.5
3.875  9.034e-06    10.4      6.7          6.3        5.9       5.9         13.7      13.5
4.200  4.870e-06    10.4      7.1          6.3        5.9       5.9         13.9      13.5
4.600  2.391e-06    10.4      7.6          6.5        5.9       5.9         14.2      13.6
5.000  1.231e-06    10.4      8.1          7.0        5.9       5.9         14.4      13.8
5.400  6.602e-07    10.4      8.7          7.7        5.9       5.9         14.8      14.2
5.800  3.674e-07    10.4      9.4          8.5        5.9       5.9         15.2      14.7
6.250  1.975e-07    10.4      10.2          9.7        5.9       5.9         15.7      15.4
6.750  1.034e-07    10.4      11.2          11.4        5.9       5.9         16.4      16.5
7.500  4.208e-08    10.4      12.9          14.3        5.9       5.9         17.6      18.7
8.500  1.422e-08    10.4      15.8          19.4        5.9       5.9         19.8      22.8
9.500  5.347e-09    10.4      19.3          25.9        5.9       5.9         22.7      28.5
11.000  1.445e-09    10.4      26.5          38.8        5.9       5.9         29.1      40.6
13.000  3.178e-10    10.4      41.3          63.5        5.9       5.9         43.0      64.6
15.500  6.303e-11    10.4      77.2          109.0        5.9       5.9         78.1      109.6
