0.550   0.4093   0.11   17.69  12.09   10.4  11.40
0.650   0.4409   0.13   17.70  12.04   10.4  11.40
0.750   0.4720   0.14   17.63  11.99   10.4  11.40
0.850   0.5051   0.16   17.48  11.94   10.4  11.40
0.950   0.5356   0.18   17.27  11.89   10.4  11.40
1.050   0.5710   0.21   16.99  11.83   10.4  11.40
1.150   0.6088   0.23   16.64  11.78   10.4  11.40
1.250   0.6440   0.26   16.24  11.72   10.4  11.40
1.350   0.6809   0.30   15.77  11.66   10.4  11.40
1.450   0.7162   0.34   15.25  11.61   10.4  11.40
1.550   0.7466   0.38   14.67  11.55   10.4  11.40
1.650   0.7740   0.43   14.06  11.49   10.4  11.40
1.750   0.7992   0.49   13.52  11.44   10.4  11.40
1.850   0.8136   0.55   13.05  11.38   10.4  11.40
1.950   0.8373   0.62   12.65  11.32   10.4  11.40
2.100   0.8486   0.53   12.17  11.24   10.4  11.40
2.300   0.8606   0.67   11.72  11.13   10.4  11.40
2.500   0.8533   0.84   11.47  11.03   10.4  11.40
2.700   0.8257   1.07   11.37  10.94   10.4  11.40
2.900   0.7982   1.34   11.67  10.86   10.4  11.40
3.125   0.8043   1.50   12.09  11.02   10.4  11.40
3.375   0.7659   1.97   12.21  10.95   10.4  11.40
3.625   0.7070   2.56   12.33  10.91   10.4  11.40
3.875   0.6670   3.31   12.47  10.89   10.4  11.40
4.200   0.6741   3.36   12.67  10.90   10.4  11.40
4.600   0.6423   4.70   12.94  11.00   10.4  11.40
5.000   0.5426   7.18   13.26  11.19   10.4  11.40
5.400   0.4673   10.46   13.63  11.49   10.4  11.40
5.800   0.6243   12.47   14.62  12.36   10.4  11.40
6.500   0.5225   13.75   16.86  14.36   10.4  11.40
7.500   0.6501   30.33   19.45  16.96   10.4  11.40
