0.550   0.6666   0.40   17.43  11.83   10.4  24.50
0.650   0.6836   0.46   17.44  11.78   10.4  24.50
0.750   0.6820   0.54   17.37  11.73   10.4  24.50
0.850   0.6995   0.62   17.23  11.68   10.4  24.50
0.950   0.7149   0.71   17.01  11.62   10.4  24.50
1.050   0.7251   0.83   16.72  11.57   10.4  24.50
1.150   0.7453   0.96   16.37  11.51   10.4  24.50
1.250   0.7582   1.10   15.96  11.45   10.4  24.50
1.350   0.7933   1.25   15.48  11.40   10.4  24.50
1.450   0.8249   1.42   14.95  11.34   10.4  24.50
1.550   0.8505   1.61   14.36  11.28   10.4  24.50
1.650   0.8139   1.91   13.74  11.22   10.4  24.50
1.750   0.8591   2.13   13.19  11.16   10.4  24.50
1.850   0.9045   2.38   12.71  11.10   10.4  24.50
1.950   0.8863   2.74   12.29  11.04   10.4  24.50
2.100   0.8832   2.33   11.80  10.96   10.4  24.50
2.300   0.8897   2.97   11.33  10.85   10.4  24.50
2.500   0.9951   3.52   11.07  10.74   10.4  24.50
2.700   0.9366   4.56   10.97  10.65   10.4  24.50
2.900   0.9060   5.67   11.28  10.56   10.4  24.50
3.125   0.9817   6.11   11.71  10.73   10.4  24.50
3.375   0.8928   8.25   11.83  10.66   10.4  24.50
3.625   0.7432   11.32   11.96  10.61   10.4  24.50
3.875   0.8509   13.71   12.11  10.59   10.4  24.50
4.200   0.8244   13.61   12.31  10.61   10.4  24.50
4.600   0.8979   17.68   12.59  10.71   10.4  24.50
5.000   0.8754   24.17   12.92  10.91   10.4  24.50
5.400   0.4474   48.09   13.30  11.22   10.4  24.50
5.800   0.7382   44.45   14.31  12.11   10.4  24.50
