0.550   0.5231   0.20   17.47  11.87   10.4  26.70
0.650   0.5511   0.23   17.48  11.82   10.4  26.70
0.750   0.5758   0.26   17.41  11.77   10.4  26.70
0.850   0.6043   0.30   17.26  11.72   10.4  26.70
0.950   0.6221   0.34   17.04  11.66   10.4  26.70
1.050   0.6599   0.39   16.76  11.61   10.4  26.70
1.150   0.6805   0.45   16.41  11.55   10.4  26.70
1.250   0.7149   0.51   16.00  11.49   10.4  26.70
1.350   0.7425   0.58   15.53  11.43   10.4  26.70
1.450   0.7581   0.67   14.99  11.38   10.4  26.70
1.550   0.8030   0.75   14.41  11.32   10.4  26.70
1.650   0.8208   0.85   13.79  11.26   10.4  26.70
1.750   0.8320   0.97   13.24  11.20   10.4  26.70
1.850   0.8517   1.10   12.76  11.14   10.4  26.70
1.950   0.8673   1.24   12.35  11.08   10.4  26.70
2.100   0.8703   1.06   11.85  11.00   10.4  26.70
2.300   0.8747   1.34   11.39  10.89   10.4  26.70
2.500   0.9038   1.67   11.13  10.78   10.4  26.70
2.700   0.9107   2.07   11.03  10.69   10.4  26.70
2.900   0.8680   2.63   11.34  10.60   10.4  26.70
3.125   0.8797   2.90   11.77  10.77   10.4  26.70
3.375   0.8442   3.79   11.89  10.70   10.4  26.70
3.625   0.8364   4.79   12.02  10.65   10.4  26.70
3.875   0.8696   5.90   12.16  10.63   10.4  26.70
4.200   0.8807   5.87   12.36  10.65   10.4  26.70
4.600   0.7358   9.04   12.64  10.75   10.4  26.70
5.000   0.7135   11.95   12.97  10.95   10.4  26.70
5.400   0.6893   18.00   13.35  11.26   10.4  26.70
5.800   0.7619   23.37   14.35  12.14   10.4  26.70
6.500   0.6900   26.66   16.63  14.19   10.4  26.70
7.500   0.6192   73.87   19.25  16.83   10.4  26.70
