0.550   0.4646   0.15   17.69  12.09   10.4  16.20
0.650   0.4939   0.17   17.70  12.04   10.4  16.20
0.750   0.5224   0.19   17.63  11.99   10.4  16.20
0.850   0.5530   0.21   17.48  11.94   10.4  16.20
0.950   0.5847   0.24   17.27  11.89   10.4  16.20
1.050   0.6140   0.28   16.99  11.83   10.4  16.20
1.150   0.6486   0.32   16.64  11.78   10.4  16.20
1.250   0.6832   0.36   16.24  11.72   10.4  16.20
1.350   0.7140   0.41   15.77  11.66   10.4  16.20
1.450   0.7507   0.46   15.25  11.61   10.4  16.20
1.550   0.7767   0.52   14.67  11.55   10.4  16.20
1.650   0.8018   0.59   14.06  11.49   10.4  16.20
1.750   0.8345   0.67   13.52  11.44   10.4  16.20
1.850   0.8438   0.76   13.05  11.38   10.4  16.20
1.950   0.8616   0.86   12.65  11.32   10.4  16.20
2.100   0.8815   0.72   12.17  11.24   10.4  16.20
2.300   0.9010   0.91   11.72  11.13   10.4  16.20
2.500   0.8945   1.15   11.47  11.03   10.4  16.20
2.700   0.8921   1.44   11.37  10.94   10.4  16.20
2.900   0.8461   1.82   11.67  10.86   10.4  16.20
3.125   0.8550   2.03   12.09  11.02   10.4  16.20
3.375   0.7879   2.70   12.21  10.95   10.4  16.20
3.625   0.7717   3.47   12.33  10.91   10.4  16.20
3.875   0.7669   4.34   12.47  10.89   10.4  16.20
4.200   0.7160   4.55   12.67  10.90   10.4  16.20
4.600   0.7473   6.32   12.94  11.00   10.4  16.20
5.000   0.6324   8.94   13.26  11.19   10.4  16.20
5.400   0.6354   12.33   13.63  11.49   10.4  16.20
5.800   0.6110   17.06   14.62  12.36   10.4  16.20
6.500   0.6478   20.14   16.86  14.36   10.4  16.20
7.500   0.7969   34.05   19.45  16.96   10.4  16.20
