0.550   0.3357   0.08   17.69  12.09   10.4  10.10
0.650   0.3657   0.09   17.70  12.04   10.4  10.10
0.750   0.3955   0.10   17.63  11.99   10.4  10.10
0.850   0.4267   0.12   17.48  11.94   10.4  10.10
0.950   0.4593   0.13   17.27  11.89   10.4  10.10
1.050   0.4935   0.15   16.99  11.83   10.4  10.10
1.150   0.5313   0.17   16.64  11.78   10.4  10.10
1.250   0.5681   0.19   16.24  11.72   10.4  10.10
1.350   0.6056   0.21   15.77  11.66   10.4  10.10
1.450   0.6387   0.24   15.25  11.61   10.4  10.10
1.550   0.6677   0.27   14.67  11.55   10.4  10.10
1.650   0.6954   0.31   14.06  11.49   10.4  10.10
1.750   0.7216   0.34   13.52  11.44   10.4  10.10
1.850   0.7407   0.39   13.05  11.38   10.4  10.10
1.950   0.7503   0.44   12.65  11.32   10.4  10.10
2.100   0.7622   0.37   12.17  11.24   10.4  10.10
2.300   0.7638   0.47   11.72  11.13   10.4  10.10
2.500   0.7591   0.60   11.47  11.03   10.4  10.10
2.700   0.7304   0.76   11.37  10.94   10.4  10.10
2.900   0.6964   0.97   11.67  10.86   10.4  10.10
3.125   0.6595   1.11   12.09  11.02   10.4  10.10
3.375   0.6323   1.45   12.21  10.95   10.4  10.10
3.625   0.6017   1.87   12.33  10.91   10.4  10.10
3.875   0.5700   2.38   12.47  10.89   10.4  10.10
4.200   0.5140   2.62   12.67  10.90   10.4  10.10
4.600   0.4862   3.78   12.94  11.00   10.4  10.10
5.000   0.4168   5.47   13.26  11.19   10.4  10.10
5.400   0.4694   6.96   13.63  11.49   10.4  10.10
5.800   0.3315   13.24   14.62  12.36   10.4  10.10
6.500   0.4619   10.44   16.86  14.36   10.4  10.10
7.500   0.5033   23.27   19.45  16.96   10.4  10.10
