0.550   0.2742   0.09   18.02  12.42   10.4  10.00
0.650   0.3006   0.10   18.04  12.37   10.4  10.00
0.750   0.3271   0.11   17.97  12.33   10.4  10.00
0.850   0.3552   0.12   17.82  12.28   10.4  10.00
0.950   0.3837   0.14   17.61  12.23   10.4  10.00
1.050   0.4160   0.16   17.34  12.17   10.4  10.00
1.150   0.4493   0.18   17.00  12.12   10.4  10.00
1.250   0.4824   0.20   16.60  12.07   10.4  10.00
1.350   0.5169   0.23   16.15  12.01   10.4  10.00
1.450   0.5475   0.25   15.64  11.96   10.4  10.00
1.550   0.5714   0.29   15.07  11.90   10.4  10.00
1.650   0.5972   0.32   14.49  11.85   10.4  10.00
1.750   0.6193   0.37   13.96  11.79   10.4  10.00
1.850   0.6382   0.41   13.51  11.74   10.4  10.00
1.950   0.6509   0.47   13.12  11.69   10.4  10.00
2.100   0.6434   0.40   12.65  11.61   10.4  10.00
2.300   0.6455   0.51   12.22  11.51   10.4  10.00
2.500   0.6199   0.66   11.98  11.41   10.4  10.00
2.700   0.5984   0.83   11.89  11.32   10.4  10.00
2.900   0.5670   1.06   12.17  11.24   10.4  10.00
3.125   0.5299   1.23   12.58  11.40   10.4  10.00
3.375   0.4931   1.63   12.69  11.33   10.4  10.00
3.625   0.4507   2.16   12.81  11.29   10.4  10.00
3.875   0.4119   2.85   12.94  11.27   10.4  10.00
4.200   0.3496   3.22   13.13  11.28   10.4  10.00
4.600   0.3219   4.64   13.40  11.38   10.4  10.00
5.000   0.2998   6.87   13.71  11.56   10.4  10.00
5.400   0.2887   10.15   14.07  11.85   10.4  10.00
5.800   0.2438   14.43   15.02  12.68   10.4  10.00
6.500   0.2089   21.04   17.22  14.62   10.4  10.00
7.500   0.3224   33.02   19.76  17.16   10.4  10.00
