0.550   0.5507   0.17   17.47  11.87   10.4  28.90
0.650   0.5761   0.19   17.48  11.82   10.4  28.90
0.750   0.5993   0.21   17.41  11.77   10.4  28.90
0.850   0.6246   0.25   17.26  11.72   10.4  28.90
0.950   0.6450   0.28   17.04  11.66   10.4  28.90
1.050   0.6782   0.32   16.76  11.61   10.4  28.90
1.150   0.6999   0.37   16.41  11.55   10.4  28.90
1.250   0.7312   0.42   16.00  11.49   10.4  28.90
1.350   0.7600   0.48   15.53  11.43   10.4  28.90
1.450   0.7776   0.55   14.99  11.38   10.4  28.90
1.550   0.8187   0.62   14.41  11.32   10.4  28.90
1.650   0.8295   0.71   13.79  11.26   10.4  28.90
1.750   0.8479   0.81   13.24  11.20   10.4  28.90
1.850   0.8688   0.91   12.76  11.14   10.4  28.90
1.950   0.8836   1.03   12.35  11.08   10.4  28.90
2.100   0.8818   0.88   11.85  11.00   10.4  28.90
2.300   0.9006   1.11   11.39  10.89   10.4  28.90
2.500   0.9262   1.38   11.13  10.78   10.4  28.90
2.700   0.9231   1.72   11.03  10.69   10.4  28.90
2.900   0.8866   2.17   11.34  10.60   10.4  28.90
3.125   0.9053   2.39   11.77  10.77   10.4  28.90
3.375   0.8574   3.14   11.89  10.70   10.4  28.90
3.625   0.8755   3.90   12.02  10.65   10.4  28.90
3.875   0.8447   5.02   12.16  10.63   10.4  28.90
4.200   0.8721   4.94   12.36  10.65   10.4  28.90
4.600   0.7907   7.23   12.64  10.75   10.4  28.90
5.000   0.7292   10.22   12.97  10.95   10.4  28.90
5.400   0.6462   16.55   13.35  11.26   10.4  28.90
5.800   0.7672   19.73   14.35  12.14   10.4  28.90
6.500   0.6518   23.28   16.63  14.19   10.4  28.90
7.500   0.9368   39.58   19.25  16.83   10.4  28.90
