0.550   0.5721   0.15   17.57  11.98   10.4  27.60
0.650   0.5968   0.17   17.59  11.93   10.4  27.60
0.750   0.6172   0.20   17.52  11.88   10.4  27.60
0.850   0.6419   0.23   17.37  11.82   10.4  27.60
0.950   0.6621   0.26   17.15  11.77   10.4  27.60
1.050   0.6927   0.30   16.87  11.72   10.4  27.60
1.150   0.7146   0.34   16.52  11.66   10.4  27.60
1.250   0.7440   0.39   16.11  11.60   10.4  27.60
1.350   0.7740   0.45   15.65  11.55   10.4  27.60
1.450   0.7936   0.51   15.12  11.49   10.4  27.60
1.550   0.8333   0.58   14.53  11.43   10.4  27.60
1.650   0.8383   0.66   13.92  11.37   10.4  27.60
1.750   0.8603   0.75   13.38  11.32   10.4  27.60
1.850   0.8846   0.85   12.90  11.26   10.4  27.60
1.950   0.8954   0.96   12.50  11.20   10.4  27.60
2.100   0.8935   0.82   12.01  11.12   10.4  27.60
2.300   0.9112   1.04   11.55  11.01   10.4  27.60
2.500   0.9471   1.28   11.29  10.91   10.4  27.60
2.700   0.9368   1.61   11.20  10.81   10.4  27.60
2.900   0.9006   2.03   11.50  10.73   10.4  27.60
3.125   0.9267   2.22   11.93  10.90   10.4  27.60
3.375   0.8727   2.94   12.04  10.83   10.4  27.60
3.625   0.8703   3.69   12.17  10.78   10.4  27.60
3.875   0.8556   4.72   12.31  10.76   10.4  27.60
4.200   0.8759   4.64   12.51  10.77   10.4  27.60
4.600   0.8140   6.69   12.79  10.87   10.4  27.60
5.000   0.7562   9.42   13.11  11.07   10.4  27.60
5.400   0.6281   15.70   13.48  11.37   10.4  27.60
5.800   0.7727   18.17   14.48  12.25   10.4  27.60
6.500   0.6158   25.27   16.74  14.27   10.4  27.60
7.500   0.8452   39.23   19.35  16.89   10.4  27.60
