0.550   0.3041   0.03   17.69  12.09   10.4  9.90
0.650   0.3319   0.03   17.70  12.04   10.4  9.90
0.750   0.3593   0.04   17.63  11.99   10.4  9.90
0.850   0.3884   0.04   17.48  11.94   10.4  9.90
0.950   0.4175   0.05   17.27  11.89   10.4  9.90
1.050   0.4500   0.06   16.99  11.83   10.4  9.90
1.150   0.4843   0.06   16.64  11.78   10.4  9.90
1.250   0.5196   0.07   16.24  11.72   10.4  9.90
1.350   0.5529   0.08   15.77  11.66   10.4  9.90
1.450   0.5852   0.09   15.25  11.61   10.4  9.90
1.550   0.6113   0.10   14.67  11.55   10.4  9.90
1.650   0.6357   0.12   14.06  11.49   10.4  9.90
1.750   0.6588   0.13   13.52  11.44   10.4  9.90
1.850   0.6745   0.15   13.05  11.38   10.4  9.90
1.950   0.6843   0.17   12.65  11.32   10.4  9.90
2.100   0.6866   0.14   12.17  11.24   10.4  9.90
2.300   0.6853   0.18   11.72  11.13   10.4  9.90
2.500   0.6713   0.23   11.47  11.03   10.4  9.90
2.700   0.6433   0.30   11.37  10.94   10.4  9.90
2.900   0.6114   0.38   11.67  10.86   10.4  9.90
3.125   0.5779   0.44   12.09  11.02   10.4  9.90
3.375   0.5399   0.58   12.21  10.95   10.4  9.90
3.625   0.5053   0.76   12.33  10.91   10.4  9.90
3.875   0.4743   0.98   12.47  10.89   10.4  9.90
4.200   0.4334   1.06   12.67  10.90   10.4  9.90
4.600   0.3913   1.57   12.94  11.00   10.4  9.90
5.000   0.3522   2.27   13.26  11.19   10.4  9.90
5.400   0.3567   3.14   13.63  11.49   10.4  9.90
5.800   0.3229   4.65   14.62  12.36   10.4  9.90
6.500   0.3326   5.25   16.86  14.36   10.4  9.90
7.500   0.3732   10.96   19.45  16.96   10.4  9.90
