0.550   0.2430   0.08   18.02  12.42   10.4  9.90
0.650   0.2667   0.09   18.04  12.37   10.4  9.90
0.750   0.2905   0.10   17.97  12.33   10.4  9.90
0.850   0.3154   0.11   17.82  12.28   10.4  9.90
0.950   0.3413   0.12   17.61  12.23   10.4  9.90
1.050   0.3698   0.14   17.34  12.17   10.4  9.90
1.150   0.4001   0.16   17.00  12.12   10.4  9.90
1.250   0.4320   0.18   16.60  12.07   10.4  9.90
1.350   0.4607   0.20   16.15  12.01   10.4  9.90
1.450   0.4880   0.22   15.64  11.96   10.4  9.90
1.550   0.5104   0.25   15.07  11.90   10.4  9.90
1.650   0.5289   0.29   14.49  11.85   10.4  9.90
1.750   0.5513   0.32   13.96  11.79   10.4  9.90
1.850   0.5598   0.37   13.51  11.74   10.4  9.90
1.950   0.5610   0.42   13.12  11.69   10.4  9.90
2.100   0.5630   0.36   12.65  11.61   10.4  9.90
2.300   0.5477   0.46   12.22  11.51   10.4  9.90
2.500   0.5324   0.59   11.98  11.41   10.4  9.90
2.700   0.4972   0.77   11.89  11.32   10.4  9.90
2.900   0.4628   0.99   12.17  11.24   10.4  9.90
3.125   0.4221   1.16   12.58  11.40   10.4  9.90
3.375   0.3773   1.57   12.69  11.33   10.4  9.90
3.625   0.3406   2.12   12.81  11.29   10.4  9.90
3.875   0.3160   2.74   12.94  11.27   10.4  9.90
4.200   0.2884   2.99   13.13  11.28   10.4  9.90
4.600   0.2470   4.67   13.40  11.38   10.4  9.90
5.000   0.2177   7.05   13.71  11.56   10.4  9.90
5.400   0.2233   9.58   14.07  11.85   10.4  9.90
5.800   0.1932   14.67   15.02  12.68   10.4  9.90
6.500   0.1844   20.60   17.22  14.62   10.4  9.90
7.500   0.2248   37.34   19.76  17.16   10.4  9.90
