0.550   0.3875   0.06   17.67  12.07   10.4  10.50
0.650   0.4184   0.07   17.68  12.02   10.4  10.50
0.750   0.4482   0.08   17.61  11.97   10.4  10.50
0.850   0.4807   0.09   17.46  11.92   10.4  10.50
0.950   0.5115   0.10   17.25  11.87   10.4  10.50
1.050   0.5458   0.12   16.96  11.81   10.4  10.50
1.150   0.5825   0.13   16.62  11.76   10.4  10.50
1.250   0.6193   0.15   16.21  11.70   10.4  10.50
1.350   0.6539   0.17   15.75  11.64   10.4  10.50
1.450   0.6881   0.19   15.23  11.59   10.4  10.50
1.550   0.7192   0.22   14.65  11.53   10.4  10.50
1.650   0.7438   0.24   14.04  11.47   10.4  10.50
1.750   0.7733   0.28   13.50  11.41   10.4  10.50
1.850   0.7898   0.31   13.03  11.36   10.4  10.50
1.950   0.8034   0.35   12.62  11.30   10.4  10.50
2.100   0.8180   0.30   12.14  11.22   10.4  10.50
2.300   0.8252   0.38   11.69  11.11   10.4  10.50
2.500   0.8187   0.48   11.44  11.01   10.4  10.50
2.700   0.7978   0.60   11.34  10.92   10.4  10.50
2.900   0.7692   0.76   11.64  10.83   10.4  10.50
3.125   0.7536   0.86   12.06  11.00   10.4  10.50
3.375   0.7155   1.13   12.18  10.93   10.4  10.50
3.625   0.6839   1.45   12.30  10.88   10.4  10.50
3.875   0.6554   1.85   12.44  10.86   10.4  10.50
4.200   0.6269   1.94   12.64  10.88   10.4  10.50
4.600   0.5964   2.77   12.92  10.98   10.4  10.50
5.000   0.5167   4.06   13.24  11.17   10.4  10.50
5.400   0.5037   5.54   13.60  11.47   10.4  10.50
5.800   0.5593   7.11   14.59  12.34   10.4  10.50
6.500   0.5169   8.08   16.84  14.35   10.4  10.50
7.500   0.6099   17.03   19.43  16.94   10.4  10.50
