0.550   0.3056   0.06   17.87  12.27   10.4  11.00
0.650   0.3340   0.07   17.88  12.22   10.4  11.00
0.750   0.3623   0.07   17.81  12.17   10.4  11.00
0.850   0.3917   0.08   17.67  12.12   10.4  11.00
0.950   0.4221   0.09   17.45  12.07   10.4  11.00
1.050   0.4552   0.11   17.17  12.02   10.4  11.00
1.150   0.4916   0.12   16.83  11.96   10.4  11.00
1.250   0.5282   0.13   16.43  11.91   10.4  11.00
1.350   0.5629   0.15   15.97  11.85   10.4  11.00
1.450   0.5976   0.17   15.46  11.80   10.4  11.00
1.550   0.6231   0.19   14.89  11.74   10.4  11.00
1.650   0.6529   0.22   14.29  11.68   10.4  11.00
1.750   0.6739   0.24   13.76  11.63   10.4  11.00
1.850   0.6870   0.28   13.30  11.57   10.4  11.00
1.950   0.7026   0.31   12.90  11.52   10.4  11.00
2.100   0.7046   0.26   12.43  11.44   10.4  11.00
2.300   0.7067   0.34   11.99  11.33   10.4  11.00
2.500   0.6972   0.43   11.74  11.24   10.4  11.00
2.700   0.6635   0.55   11.65  11.14   10.4  11.00
2.900   0.6313   0.69   11.94  11.06   10.4  11.00
3.125   0.5975   0.80   12.35  11.22   10.4  11.00
3.375   0.5628   1.05   12.47  11.16   10.4  11.00
3.625   0.5303   1.37   12.59  11.11   10.4  11.00
3.875   0.5016   1.76   12.72  11.09   10.4  11.00
4.200   0.4438   1.93   12.92  11.11   10.4  11.00
4.600   0.3991   2.88   13.19  11.20   10.4  11.00
5.000   0.3590   4.12   13.50  11.39   10.4  11.00
5.400   0.3944   5.35   13.86  11.68   10.4  11.00
5.800   0.3088   9.11   14.83  12.53   10.4  11.00
6.500   0.3584   8.75   17.05  14.50   10.4  11.00
7.500   0.3740   19.76   19.62  17.06   10.4  11.00
