0.550   0.2900   0.09   18.02  12.42   10.4  9.80
0.650   0.3178   0.10   18.04  12.37   10.4  9.80
0.750   0.3452   0.12   17.97  12.33   10.4  9.80
0.850   0.3738   0.13   17.82  12.28   10.4  9.80
0.950   0.4027   0.15   17.61  12.23   10.4  9.80
1.050   0.4362   0.17   17.34  12.17   10.4  9.80
1.150   0.4710   0.19   17.00  12.12   10.4  9.80
1.250   0.5087   0.21   16.60  12.07   10.4  9.80
1.350   0.5418   0.24   16.15  12.01   10.4  9.80
1.450   0.5777   0.27   15.64  11.96   10.4  9.80
1.550   0.6021   0.31   15.07  11.90   10.4  9.80
1.650   0.6301   0.34   14.49  11.85   10.4  9.80
1.750   0.6496   0.39   13.96  11.79   10.4  9.80
1.850   0.6596   0.44   13.51  11.74   10.4  9.80
1.950   0.6730   0.50   13.12  11.69   10.4  9.80
2.100   0.6744   0.43   12.65  11.61   10.4  9.80
2.300   0.6805   0.54   12.22  11.51   10.4  9.80
2.500   0.6659   0.69   11.98  11.41   10.4  9.80
2.700   0.6292   0.89   11.89  11.32   10.4  9.80
2.900   0.6022   1.12   12.17  11.24   10.4  9.80
3.125   0.5644   1.29   12.58  11.40   10.4  9.80
3.375   0.5388   1.69   12.69  11.33   10.4  9.80
3.625   0.4938   2.23   12.81  11.29   10.4  9.80
3.875   0.4693   2.88   12.94  11.27   10.4  9.80
4.200   0.4042   3.20   13.13  11.28   10.4  9.80
4.600   0.3650   4.79   13.40  11.38   10.4  9.80
5.000   0.3356   6.76   13.71  11.56   10.4  9.80
5.400   0.3540   8.73   14.07  11.85   10.4  9.80
5.800   0.2447   16.44   15.02  12.68   10.4  9.80
6.500   0.2647   17.58   17.22  14.62   10.4  9.80
7.500   0.3594   31.32   19.76  17.16   10.4  9.80
