0.550   0.2596   0.08   18.02  12.42   10.4  9.70
0.650   0.2854   0.09   18.04  12.37   10.4  9.70
0.750   0.3109   0.10   17.97  12.33   10.4  9.70
0.850   0.3384   0.12   17.82  12.28   10.4  9.70
0.950   0.3650   0.13   17.61  12.23   10.4  9.70
1.050   0.3964   0.15   17.34  12.17   10.4  9.70
1.150   0.4278   0.17   17.00  12.12   10.4  9.70
1.250   0.4626   0.19   16.60  12.07   10.4  9.70
1.350   0.4939   0.21   16.15  12.01   10.4  9.70
1.450   0.5257   0.24   15.64  11.96   10.4  9.70
1.550   0.5487   0.27   15.07  11.90   10.4  9.70
1.650   0.5699   0.31   14.49  11.85   10.4  9.70
1.750   0.5889   0.35   13.96  11.79   10.4  9.70
1.850   0.6113   0.39   13.51  11.74   10.4  9.70
1.950   0.6135   0.44   13.12  11.69   10.4  9.70
2.100   0.6101   0.38   12.65  11.61   10.4  9.70
2.300   0.6036   0.49   12.22  11.51   10.4  9.70
2.500   0.5774   0.63   11.98  11.41   10.4  9.70
2.700   0.5534   0.80   11.89  11.32   10.4  9.70
2.900   0.5231   1.02   12.17  11.24   10.4  9.70
3.125   0.4743   1.21   12.58  11.40   10.4  9.70
3.375   0.4429   1.60   12.69  11.33   10.4  9.70
3.625   0.4077   2.11   12.81  11.29   10.4  9.70
3.875   0.3683   2.82   12.94  11.27   10.4  9.70
4.200   0.3393   3.01   13.13  11.28   10.4  9.70
4.600   0.2797   4.73   13.40  11.38   10.4  9.70
5.000   0.2700   6.60   13.71  11.56   10.4  9.70
5.400   0.2708   9.58   14.07  11.85   10.4  9.70
5.800   0.2025   16.90   15.02  12.68   10.4  9.70
6.500   0.2884   14.50   17.22  14.62   10.4  9.70
7.500   0.2162   43.73   19.76  17.16   10.4  9.70
