0.550   0.3563   0.09   17.69  12.09   10.4  10.30
0.650   0.3879   0.10   17.70  12.04   10.4  10.30
0.750   0.4180   0.11   17.63  11.99   10.4  10.30
0.850   0.4510   0.13   17.48  11.94   10.4  10.30
0.950   0.4824   0.15   17.27  11.89   10.4  10.30
1.050   0.5181   0.16   16.99  11.83   10.4  10.30
1.150   0.5553   0.19   16.64  11.78   10.4  10.30
1.250   0.5945   0.21   16.24  11.72   10.4  10.30
1.350   0.6294   0.24   15.77  11.66   10.4  10.30
1.450   0.6627   0.27   15.25  11.61   10.4  10.30
1.550   0.6963   0.30   14.67  11.55   10.4  10.30
1.650   0.7195   0.34   14.06  11.49   10.4  10.30
1.750   0.7510   0.38   13.52  11.44   10.4  10.30
1.850   0.7712   0.43   13.05  11.38   10.4  10.30
1.950   0.7780   0.49   12.65  11.32   10.4  10.30
2.100   0.7932   0.41   12.17  11.24   10.4  10.30
2.300   0.7942   0.53   11.72  11.13   10.4  10.30
2.500   0.7880   0.67   11.47  11.03   10.4  10.30
2.700   0.7653   0.85   11.37  10.94   10.4  10.30
2.900   0.7409   1.07   11.67  10.86   10.4  10.30
3.125   0.7052   1.22   12.09  11.02   10.4  10.30
3.375   0.6754   1.59   12.21  10.95   10.4  10.30
3.625   0.6548   2.03   12.33  10.91   10.4  10.30
3.875   0.6255   2.59   12.47  10.89   10.4  10.30
4.200   0.5829   2.79   12.67  10.90   10.4  10.30
4.600   0.5344   4.08   12.94  11.00   10.4  10.30
5.000   0.4754   5.88   13.26  11.19   10.4  10.30
5.400   0.4936   7.71   13.63  11.49   10.4  10.30
5.800   0.5149   10.04   14.62  12.36   10.4  10.30
6.500   0.4830   11.38   16.86  14.36   10.4  10.30
7.500   0.5413   25.54   19.45  16.96   10.4  10.30
