0.550   0.3159   0.08   17.69  12.09   10.4  10.60
0.650   0.3446   0.08   17.70  12.04   10.4  10.60
0.750   0.3735   0.09   17.63  11.99   10.4  10.60
0.850   0.4035   0.11   17.48  11.94   10.4  10.60
0.950   0.4348   0.12   17.27  11.89   10.4  10.60
1.050   0.4675   0.13   16.99  11.83   10.4  10.60
1.150   0.5049   0.15   16.64  11.78   10.4  10.60
1.250   0.5408   0.17   16.24  11.72   10.4  10.60
1.350   0.5765   0.19   15.77  11.66   10.4  10.60
1.450   0.6104   0.22   15.25  11.61   10.4  10.60
1.550   0.6365   0.25   14.67  11.55   10.4  10.60
1.650   0.6676   0.28   14.06  11.49   10.4  10.60
1.750   0.6896   0.31   13.52  11.44   10.4  10.60
1.850   0.7046   0.35   13.05  11.38   10.4  10.60
1.950   0.7218   0.40   12.65  11.32   10.4  10.60
2.100   0.7243   0.34   12.17  11.24   10.4  10.60
2.300   0.7236   0.43   11.72  11.13   10.4  10.60
2.500   0.7176   0.55   11.47  11.03   10.4  10.60
2.700   0.6859   0.70   11.37  10.94   10.4  10.60
2.900   0.6502   0.89   11.67  10.86   10.4  10.60
3.125   0.6193   1.02   12.09  11.02   10.4  10.60
3.375   0.5784   1.34   12.21  10.95   10.4  10.60
3.625   0.5544   1.74   12.33  10.91   10.4  10.60
3.875   0.5230   2.22   12.47  10.89   10.4  10.60
4.200   0.4701   2.42   12.67  10.90   10.4  10.60
4.600   0.4218   3.60   12.94  11.00   10.4  10.60
5.000   0.3744   5.20   13.26  11.19   10.4  10.60
5.400   0.4214   6.76   13.63  11.49   10.4  10.60
5.800   0.3521   10.94   14.62  12.36   10.4  10.60
6.500   0.4218   9.97   16.86  14.36   10.4  10.60
7.500   0.3833   25.46   19.45  16.96   10.4  10.60
