0.550   0.2808   0.06   18.02  12.42   10.4  9.80
0.650   0.3077   0.07   18.04  12.37   10.4  9.80
0.750   0.3346   0.08   17.97  12.33   10.4  9.80
0.850   0.3628   0.09   17.82  12.28   10.4  9.80
0.950   0.3914   0.10   17.61  12.23   10.4  9.80
1.050   0.4242   0.12   17.34  12.17   10.4  9.80
1.150   0.4580   0.13   17.00  12.12   10.4  9.80
1.250   0.4931   0.15   16.60  12.07   10.4  9.80
1.350   0.5269   0.16   16.15  12.01   10.4  9.80
1.450   0.5598   0.18   15.64  11.96   10.4  9.80
1.550   0.5838   0.21   15.07  11.90   10.4  9.80
1.650   0.6106   0.24   14.49  11.85   10.4  9.80
1.750   0.6314   0.27   13.96  11.79   10.4  9.80
1.850   0.6462   0.30   13.51  11.74   10.4  9.80
1.950   0.6592   0.34   13.12  11.69   10.4  9.80
2.100   0.6557   0.29   12.65  11.61   10.4  9.80
2.300   0.6596   0.37   12.22  11.51   10.4  9.80
2.500   0.6391   0.48   11.98  11.41   10.4  9.80
2.700   0.6107   0.61   11.89  11.32   10.4  9.80
2.900   0.5814   0.77   12.17  11.24   10.4  9.80
3.125   0.5440   0.89   12.58  11.40   10.4  9.80
3.375   0.5124   1.17   12.69  11.33   10.4  9.80
3.625   0.4689   1.55   12.81  11.29   10.4  9.80
3.875   0.4368   2.03   12.94  11.27   10.4  9.80
4.200   0.3732   2.27   13.13  11.28   10.4  9.80
4.600   0.3404   3.33   13.40  11.38   10.4  9.80
5.000   0.3151   4.83   13.71  11.56   10.4  9.80
5.400   0.3175   6.68   14.07  11.85   10.4  9.80
5.800   0.2434   10.85   15.02  12.68   10.4  9.80
6.500   0.2336   13.64   17.22  14.62   10.4  9.80
7.500   0.3380   22.81   19.76  17.16   10.4  9.80
