0.550   0.6054   0.29   17.47  11.87   10.4  33.90
0.650   0.6241   0.33   17.48  11.82   10.4  33.90
0.750   0.6434   0.37   17.41  11.77   10.4  33.90
0.850   0.6608   0.43   17.26  11.72   10.4  33.90
0.950   0.6871   0.50   17.04  11.66   10.4  33.90
1.050   0.7088   0.57   16.76  11.61   10.4  33.90
1.150   0.7328   0.65   16.41  11.55   10.4  33.90
1.250   0.7563   0.75   16.00  11.49   10.4  33.90
1.350   0.7873   0.85   15.53  11.43   10.4  33.90
1.450   0.8092   0.98   14.99  11.38   10.4  33.90
1.550   0.8410   1.10   14.41  11.32   10.4  33.90
1.650   0.8351   1.28   13.79  11.26   10.4  33.90
1.750   0.8699   1.44   13.24  11.20   10.4  33.90
1.850   0.8933   1.62   12.76  11.14   10.4  33.90
1.950   0.9058   1.84   12.35  11.08   10.4  33.90
2.100   0.8929   1.58   11.85  11.00   10.4  33.90
2.300   0.9450   1.95   11.39  10.89   10.4  33.90
2.500   0.9620   2.44   11.13  10.78   10.4  33.90
2.700   0.9355   3.08   11.03  10.69   10.4  33.90
2.900   0.9141   3.83   11.34  10.60   10.4  33.90
3.125   0.9489   4.22   11.77  10.77   10.4  33.90
3.375   0.8728   5.63   11.89  10.70   10.4  33.90
3.625   0.9510   6.73   12.02  10.65   10.4  33.90
3.875   0.7717   9.56   12.16  10.63   10.4  33.90
4.200   0.8364   9.14   12.36  10.65   10.4  33.90
4.600   0.9048   12.04   12.64  10.75   10.4  33.90
5.000   0.7528   19.46   12.97  10.95   10.4  33.90
5.400   0.5340   38.32   13.35  11.26   10.4  33.90
5.800   0.7660   36.76   14.35  12.14   10.4  33.90
6.500   0.5512   47.63   16.63  14.19   10.4  33.90
