0.550   0.2659   0.06   18.02  12.42   10.4  9.80
0.650   0.2919   0.07   18.04  12.37   10.4  9.80
0.750   0.3177   0.08   17.97  12.33   10.4  9.80
0.850   0.3454   0.09   17.82  12.28   10.4  9.80
0.950   0.3728   0.10   17.61  12.23   10.4  9.80
1.050   0.4046   0.11   17.34  12.17   10.4  9.80
1.150   0.4368   0.12   17.00  12.12   10.4  9.80
1.250   0.4707   0.14   16.60  12.07   10.4  9.80
1.350   0.5034   0.15   16.15  12.01   10.4  9.80
1.450   0.5346   0.17   15.64  11.96   10.4  9.80
1.550   0.5579   0.20   15.07  11.90   10.4  9.80
1.650   0.5812   0.22   14.49  11.85   10.4  9.80
1.750   0.6015   0.25   13.96  11.79   10.4  9.80
1.850   0.6223   0.28   13.51  11.74   10.4  9.80
1.950   0.6293   0.32   13.12  11.69   10.4  9.80
2.100   0.6240   0.27   12.65  11.61   10.4  9.80
2.300   0.6215   0.35   12.22  11.51   10.4  9.80
2.500   0.5956   0.45   11.98  11.41   10.4  9.80
2.700   0.5728   0.58   11.89  11.32   10.4  9.80
2.900   0.5421   0.74   12.17  11.24   10.4  9.80
3.125   0.4987   0.86   12.58  11.40   10.4  9.80
3.375   0.4649   1.14   12.69  11.33   10.4  9.80
3.625   0.4264   1.51   12.81  11.29   10.4  9.80
3.875   0.3875   2.00   12.94  11.27   10.4  9.80
4.200   0.3432   2.20   13.13  11.28   10.4  9.80
4.600   0.2984   3.32   13.40  11.38   10.4  9.80
5.000   0.2830   4.76   13.71  11.56   10.4  9.80
5.400   0.2784   6.97   14.07  11.85   10.4  9.80
5.800   0.2210   11.09   15.02  12.68   10.4  9.80
6.500   0.2513   12.03   17.22  14.62   10.4  9.80
7.500   0.2645   26.69   19.76  17.16   10.4  9.80
