0.55  0.26  0.06  18.02 12.42  10.40 9.80
0.65  0.29  0.06  18.04 12.37  10.40 9.80
0.75  0.31  0.07  17.97 12.33  10.40 9.80
0.85  0.34  0.08  17.82 12.28  10.40 9.80
0.95  0.37  0.09  17.61 12.23  10.40 9.80
1.05  0.40  0.11  17.34 12.17  10.40 9.80
1.15  0.43  0.12  17.00 12.12  10.40 9.80
1.25  0.46  0.14  16.60 12.07  10.40 9.80
1.35  0.50  0.15  16.15 12.01  10.40 9.80
1.45  0.53  0.17  15.64 11.96  10.40 9.80
1.55  0.55  0.19  15.07 11.90  10.40 9.80
1.65  0.57  0.22  14.49 11.85  10.40 9.80
1.75  0.59  0.25  13.96 11.79  10.40 9.80
1.85  0.61  0.28  13.51 11.74  10.40 9.80
1.95  0.61  0.32  13.12 11.69  10.40 9.80
2.10  0.61  0.27  12.65 11.61  10.40 9.80
2.30  0.61  0.35  12.22 11.51  10.40 9.80
2.50  0.59  0.45  11.98 11.41  10.40 9.80
2.70  0.56  0.58  11.89 11.32  10.40 9.80
2.90  0.53  0.74  12.17 11.24  10.40 9.80
3.12  0.48  0.86  12.58 11.40  10.40 9.80
3.38  0.45  1.14  12.69 11.33  10.40 9.80
3.62  0.41  1.52  12.81 11.29  10.40 9.80
3.88  0.38  1.99  12.94 11.27  10.40 9.80
4.20  0.34  2.18  13.13 11.28  10.40 9.80
4.60  0.29  3.33  13.40 11.38  10.40 9.80
5.00  0.27  4.83  13.71 11.56  10.40 9.80
5.40  0.27  6.74  14.07 11.85  10.40 9.80
5.80  0.22  10.99  15.02 12.68  10.40 9.80
6.50  0.23  12.74  17.22 14.62  10.40 9.80
7.50  0.27  25.67  19.76 17.16  10.40 9.80
