0.55  0.62  0.32  17.47 11.87  10.40 33.90
0.65  0.64  0.36  17.48 11.82  10.40 33.90
0.75  0.65  0.41  17.41 11.77  10.40 33.90
0.85  0.67  0.47  17.26 11.72  10.40 33.90
0.95  0.69  0.55  17.04 11.66  10.40 33.90
1.05  0.71  0.63  16.76 11.61  10.40 33.90
1.15  0.74  0.72  16.41 11.55  10.40 33.90
1.25  0.76  0.83  16.00 11.49  10.40 33.90
1.35  0.79  0.94  15.53 11.43  10.40 33.90
1.45  0.81  1.08  14.99 11.38  10.40 33.90
1.55  0.84  1.22  14.41 11.32  10.40 33.90
1.65  0.83  1.42  13.79 11.26  10.40 33.90
1.75  0.87  1.59  13.24 11.20  10.40 33.90
1.85  0.90  1.79  12.76 11.14  10.40 33.90
1.95  0.90  2.04  12.35 11.08  10.40 33.90
2.10  0.89  1.75  11.85 11.00  10.40 33.90
2.30  0.93  2.17  11.39 10.89  10.40 33.90
2.50  0.97  2.69  11.13 10.78  10.40 33.90
2.70  0.94  3.41  11.03 10.69  10.40 33.90
2.90  0.91  4.24  11.34 10.60  10.40 33.90
3.12  0.96  4.66  11.77 10.77  10.40 33.90
3.38  0.88  6.23  11.89 10.70  10.40 33.90
3.62  0.90  7.58  12.02 10.65  10.40 33.90
3.88  0.79  10.57  12.16 10.63  10.40 33.90
4.20  0.83  10.14  12.36 10.65  10.40 33.90
4.60  0.90  13.30  12.64 10.75  10.40 33.90
5.00  0.78  20.65  12.97 10.95  10.40 33.90
5.40  0.51  40.24  13.35 11.26  10.40 33.90
5.80  0.76  38.45  14.35 12.14  10.40 33.90
6.50  0.59  46.74  16.63 14.19  10.40 33.90
