0.55  0.33  0.08  17.69 12.09  10.40 10.60
0.65  0.36  0.09  17.70 12.04  10.40 10.60
0.75  0.39  0.10  17.63 11.99  10.40 10.60
0.85  0.42  0.12  17.48 11.94  10.40 10.60
0.95  0.45  0.13  17.27 11.89  10.40 10.60
1.05  0.49  0.14  16.99 11.83  10.40 10.60
1.15  0.52  0.17  16.64 11.78  10.40 10.60
1.25  0.56  0.19  16.24 11.72  10.40 10.60
1.35  0.60  0.21  15.77 11.66  10.40 10.60
1.45  0.63  0.24  15.25 11.61  10.40 10.60
1.55  0.66  0.27  14.67 11.55  10.40 10.60
1.65  0.69  0.30  14.06 11.49  10.40 10.60
1.75  0.71  0.34  13.52 11.44  10.40 10.60
1.85  0.73  0.38  13.05 11.38  10.40 10.60
1.95  0.74  0.43  12.65 11.32  10.40 10.60
2.10  0.75  0.37  12.17 11.24  10.40 10.60
2.30  0.75  0.47  11.72 11.13  10.40 10.60
2.50  0.74  0.60  11.47 11.03  10.40 10.60
2.70  0.72  0.76  11.37 10.94  10.40 10.60
2.90  0.68  0.96  11.67 10.86  10.40 10.60
3.12  0.65  1.10  12.09 11.02  10.40 10.60
3.38  0.61  1.44  12.21 10.95  10.40 10.60
3.62  0.59  1.86  12.33 10.91  10.40 10.60
3.88  0.56  2.37  12.47 10.89  10.40 10.60
4.20  0.51  2.58  12.67 10.90  10.40 10.60
4.60  0.46  3.80  12.94 11.00  10.40 10.60
5.00  0.41  5.49  13.26 11.19  10.40 10.60
5.40  0.45  7.15  13.63 11.49  10.40 10.60
5.80  0.41  10.52  14.62 12.36  10.40 10.60
6.50  0.44  10.54  16.86 14.36  10.40 10.60
7.50  0.44  25.50  19.45 16.96  10.40 10.60
