0.55  0.43  0.12  17.69 12.09  10.40 11.40
0.65  0.46  0.14  17.70 12.04  10.40 11.40
0.75  0.49  0.16  17.63 11.99  10.40 11.40
0.85  0.52  0.18  17.48 11.94  10.40 11.40
0.95  0.55  0.20  17.27 11.89  10.40 11.40
1.05  0.59  0.23  16.99 11.83  10.40 11.40
1.15  0.62  0.26  16.64 11.78  10.40 11.40
1.25  0.66  0.29  16.24 11.72  10.40 11.40
1.35  0.69  0.34  15.77 11.66  10.40 11.40
1.45  0.73  0.38  15.25 11.61  10.40 11.40
1.55  0.76  0.43  14.67 11.55  10.40 11.40
1.65  0.78  0.49  14.06 11.49  10.40 11.40
1.75  0.81  0.55  13.52 11.44  10.40 11.40
1.85  0.82  0.62  13.05 11.38  10.40 11.40
1.95  0.85  0.70  12.65 11.32  10.40 11.40
2.10  0.86  0.60  12.17 11.24  10.40 11.40
2.30  0.87  0.75  11.72 11.13  10.40 11.40
2.50  0.87  0.95  11.47 11.03  10.40 11.40
2.70  0.85  1.20  11.37 10.94  10.40 11.40
2.90  0.81  1.51  11.67 10.86  10.40 11.40
3.12  0.82  1.69  12.09 11.02  10.40 11.40
3.38  0.77  2.22  12.21 10.95  10.40 11.40
3.62  0.73  2.88  12.33 10.91  10.40 11.40
3.88  0.70  3.69  12.47 10.89  10.40 11.40
4.20  0.69  3.78  12.67 10.90  10.40 11.40
4.60  0.68  5.30  12.94 11.00  10.40 11.40
5.00  0.57  7.83  13.26 11.19  10.40 11.40
5.40  0.52  11.22  13.63 11.49  10.40 11.40
5.80  0.62  13.99  14.62 12.36  10.40 11.40
6.50  0.56  16.22  16.86 14.36  10.40 11.40
7.50  0.70  31.76  19.45 16.96  10.40 11.40
