

v_4 and v_2 vs Npart for pT=0.5-0.8 GeV/c
<Npart>       v4          v4err         v2         v2err
------------------------------------------------------------
350.800     0.0006     0.0000644      0.0198     0.0000305
301.700     0.0012     0.0000468      0.0325     0.0000262
255.700     0.0020     0.0000412      0.0449     0.0000250
216.400     0.0028     0.0000406      0.0558     0.0000257
182.400     0.0038     0.0000431      0.0653     0.0000274
152.700     0.0045     0.0000478      0.0731     0.0000301
126.800     0.0053     0.0000557      0.0796     0.0000340
104.200     0.0059     0.0000671      0.0843     0.0000393
84.590     0.0065     0.0000857      0.0875     0.0000469
67.730     0.0066     0.0001124      0.0892     0.0000578
47.070     0.0065     0.0001389      0.0891     0.0000602
------------------------------------------------------------




v_4 and v_2 vs Npart for pT=0.8-1.2 GeV/c
<Npart>       v4          v4err         v2         v2err
------------------------------------------------------------
350.800     0.0014     0.0000838      0.0299     0.0000397
301.700     0.0028     0.0000606      0.0487     0.0000339
255.700     0.0043     0.0000532      0.0665     0.0000323
216.400     0.0059     0.0000524      0.0820     0.0000331
182.400     0.0076     0.0000556      0.0952     0.0000353
152.700     0.0092     0.0000616      0.1063     0.0000387
126.800     0.0107     0.0000719      0.1152     0.0000437
104.200     0.0121     0.0000868      0.1221     0.0000508
84.590     0.0129     0.0001114      0.1268     0.0000608
67.730     0.0130     0.0001468      0.1292     0.0000754
47.070     0.0130     0.0001833      0.1300     0.0000793
------------------------------------------------------------


v_4 and v_2 vs Npart for pT=1.2-1.6 GeV/c
<Npart>       v4          v4err         v2         v2err
------------------------------------------------------------
350.800     0.0027     0.0001344      0.0403     0.0000637
301.700     0.0053     0.0000968      0.0656     0.0000541
255.700     0.0076     0.0000849      0.0890     0.0000515
216.400     0.0101     0.0000835      0.1089     0.0000526
182.400     0.0128     0.0000887      0.1258     0.0000561
152.700     0.0152     0.0000984      0.1397     0.0000617
126.800     0.0178     0.0001151      0.1507     0.0000698
104.200     0.0198     0.0001395      0.1590     0.0000813
84.590     0.0209     0.0001798      0.1644     0.0000978
67.730     0.0213     0.0002384      0.1672     0.0001221
47.070     0.0211     0.0003005      0.1679     0.0001298
--------------------------------------------------------------



v_4 and v_2 vs Npart for pT=1.6-2.4 GeV/c
<Npart>       v4          v4err         v2         v2err
---------------------------------------------------------------
350.800     0.0042     0.0001891      0.0504     0.0000896
301.700     0.0081     0.0001354      0.0833     0.0000756
255.700     0.0118     0.0001183      0.1122     0.0000715
216.400     0.0156     0.0001160      0.1365     0.0000729
182.400     0.0195     0.0001229      0.1563     0.0000775
152.700     0.0232     0.0001363      0.1721     0.0000851
126.800     0.0264     0.0001595      0.1840     0.0000964
104.200     0.0289     0.0001935      0.1926     0.0001124
84.590     0.0309     0.0002500      0.1975     0.0001355
67.730     0.0309     0.0003322      0.1992     0.0001697
47.070     0.0306     0.0004206      0.1985     0.0001814
---------------------------------------------------------------



v_4 and v_2 vs Npart for pT=2.4-3.6 GeV/c
<Npart>       v4          v4err         v2         v2err
---------------------------------------------------------------
350.800     0.0059     0.0005781      0.0582     0.0002740
301.700     0.0117     0.0004104      0.0992     0.0002292
255.700     0.0172     0.0003555      0.1331     0.0002148
216.400     0.0216     0.0003458      0.1598     0.0002169
182.400     0.0268     0.0003641      0.1807     0.0002291
152.700     0.0303     0.0004014      0.1959     0.0002499
126.800     0.0336     0.0004672      0.2079     0.0002815
104.200     0.0367     0.0005646      0.2148     0.0003270
84.590     0.0375     0.0007261      0.2179     0.0003925
67.730     0.0380     0.0009611      0.2173     0.0004900
47.070     0.0359     0.0012105      0.2161     0.0005215
----------------------------------------------------------------


Panel (2) R=v_4/v_2^{2} ratio as a function of Npart 

pt1=0.5-0.8 GeV/c
pt2=0.8-1.2 GeV/c
pt3=1.2-1.6 GeV/c
pt4=1.6-2.4 GeV/c

Npart    R[pt1]ErrR[pt1]   R[pt2] ErrR[pt2] R[pt3] Err[pt3] R[pt4]ErrR[pt4] SysErr[%]
-------------------------------------------------------------------------------------
350.80    1.530    0.164      1.566  0.094    1.662  0.083    1.653  0.074    10%
301.70    1.136    0.044      1.181  0.026    1.232  0.022    1.167  0.020    7%
255.70    0.992    0.020      0.972  0.012    0.959  0.011    0.937  0.009    5%
216.40    0.899    0.013      0.877  0.008    0.852  0.007    0.837  0.006    5%
182.40    0.891    0.010      0.839  0.006    0.809  0.006    0.798  0.005    5%
152.70    0.842    0.009      0.814  0.005    0.779  0.005    0.783  0.005    5%
126.80    0.836    0.009      0.806  0.005    0.784  0.005    0.780  0.005    5%
104.20    0.830    0.009      0.812  0.006    0.783  0.006    0.779  0.005    5%
84.590    0.849    0.011      0.802  0.007    0.773  0.007    0.792  0.006    5%
67.730    0.829    0.014      0.779  0.009    0.762  0.009    0.779  0.008    7%
47.070    0.819    0.017      0.769  0.011    0.748  0.011    0.777  0.011    8%
-------------------------------------------------------------------------------------




