0.247     0.0227     0.0000316
0.348     0.0298     0.0000362
0.449     0.0389     0.0000403
0.548     0.0482     0.0000443
0.648     0.0570     0.0000495
0.748     0.0653     0.0000556
0.848     0.0731     0.0000626
0.948     0.0803     0.0000706
1.048     0.0876     0.0000794
1.148     0.0943     0.0000891
1.248     0.1011     0.0001003
1.348     0.1076     0.0001130
1.448     0.1140     0.0001275
1.548     0.1206     0.0001449
1.648     0.1259     0.0001640
1.748     0.1312     0.0001855
1.848     0.1359     0.0002098
1.948     0.1403     0.0002375
2.048     0.1449     0.0002691
2.148     0.1484     0.0003055
2.248     0.1515     0.0003468
2.348     0.1540     0.0003936
2.448     0.1562     0.0004465
2.548     0.1584     0.0005071
2.648     0.1596     0.0005770
2.748     0.1616     0.0006584
2.848     0.1636     0.0007521
2.948     0.1624     0.0008584
3.092     0.1639     0.0007350
3.292     0.1623     0.0009437
3.493     0.1602     0.0011908
3.773     0.1538     0.0011462
4.136     0.1523     0.0018629
4.437     0.1403     0.0024321
4.819     0.1350     0.0025630
5.400     0.1312     0.0032140
6.288     0.1135     0.0039878
