0.247     0.0134     0.0000311
0.348     0.0167     0.0000365
0.448     0.0221     0.0000408
0.548     0.0277     0.0000451
0.648     0.0331     0.0000505
0.748     0.0384     0.0000569
0.848     0.0431     0.0000642
0.948     0.0478     0.0000724
1.048     0.0521     0.0000815
1.148     0.0565     0.0000915
1.248     0.0605     0.0001032
1.348     0.0648     0.0001163
1.448     0.0691     0.0001313
1.548     0.0731     0.0001496
1.648     0.0763     0.0001695
1.748     0.0802     0.0001921
1.848     0.0834     0.0002176
1.948     0.0860     0.0002468
2.048     0.0889     0.0002804
2.148     0.0915     0.0003190
2.248     0.0928     0.0003629
2.348     0.0953     0.0004129
2.448     0.0969     0.0004696
2.548     0.0983     0.0005345
2.648     0.1003     0.0006098
2.748     0.0994     0.0006960
2.848     0.0996     0.0007955
2.948     0.1008     0.0009097
3.091     0.1013     0.0007806
3.292     0.1014     0.0010048
3.492     0.1006     0.0012742
3.773     0.0968     0.0012316
4.136     0.0931     0.0020238
4.438     0.0860     0.0026376
4.820     0.0881     0.0027684
5.403     0.0776     0.0034471
6.299     0.0689     0.0041843
