0.248     0.0328     0.0000724
0.348     0.0476     0.0000813
0.449     0.0628     0.0000901
0.548     0.0777     0.0000992
0.648     0.0914     0.0001110
0.748     0.1045     0.0001251
0.848     0.1161     0.0001415
0.948     0.1273     0.0001603
1.048     0.1379     0.0001812
1.148     0.1480     0.0002045
1.248     0.1576     0.0002313
1.348     0.1661     0.0002615
1.448     0.1744     0.0002960
1.548     0.1815     0.0003371
1.648     0.1878     0.0003819
1.748     0.1937     0.0004321
1.848     0.1992     0.0004885
1.948     0.2046     0.0005524
2.048     0.2088     0.0006242
2.148     0.2103     0.0007067
2.248     0.2128     0.0007990
2.348     0.2172     0.0009020
2.448     0.2158     0.0010200
2.548     0.2177     0.0011555
2.648     0.2170     0.0013091
2.748     0.2181     0.0014886
2.848     0.2205     0.0016923
2.948     0.2180     0.0019248
3.092     0.2160     0.0016363
3.292     0.2183     0.0020793
3.493     0.2140     0.0025906
3.775     0.2084     0.0024549
4.137     0.2035     0.0039326
4.438     0.1896     0.0050653
4.819     0.1910     0.0052908
5.400     0.1817     0.0066749
6.284     0.1972     0.0083817
