0.248     0.0291     0.0000378
0.348     0.0394     0.0000427
0.449     0.0516     0.0000473
0.548     0.0635     0.0000519
0.648     0.0747     0.0000579
0.748     0.0852     0.0000651
0.848     0.0950     0.0000733
0.948     0.1044     0.0000826
1.048     0.1133     0.0000929
1.148     0.1220     0.0001043
1.248     0.1303     0.0001175
1.348     0.1381     0.0001324
1.448     0.1459     0.0001493
1.548     0.1531     0.0001697
1.648     0.1599     0.0001919
1.748     0.1661     0.0002169
1.848     0.1719     0.0002450
1.948     0.1771     0.0002771
2.048     0.1810     0.0003136
2.148     0.1852     0.0003552
2.248     0.1887     0.0004023
2.348     0.1902     0.0004560
2.448     0.1940     0.0005162
2.548     0.1950     0.0005862
2.648     0.1956     0.0006660
2.748     0.1991     0.0007587
2.848     0.1977     0.0008651
2.948     0.1983     0.0009864
3.092     0.1972     0.0008426
3.292     0.1956     0.0010783
3.493     0.1951     0.0013561
3.774     0.1878     0.0012991
4.136     0.1811     0.0021093
4.438     0.1707     0.0027378
4.819     0.1670     0.0028776
5.399     0.1490     0.0036352
6.291     0.1446     0.0045382
