0.247     0.0185     0.0000303
0.348     0.0237     0.0000351
0.448     0.0310     0.0000392
0.548     0.0385     0.0000432
0.648     0.0458     0.0000483
0.748     0.0527     0.0000543
0.848     0.0591     0.0000612
0.948     0.0653     0.0000690
1.048     0.0711     0.0000776
1.148     0.0767     0.0000871
1.248     0.0825     0.0000982
1.348     0.0881     0.0001106
1.448     0.0933     0.0001248
1.548     0.0986     0.0001419
1.648     0.1031     0.0001608
1.748     0.1079     0.0001819
1.848     0.1121     0.0002060
1.948     0.1165     0.0002333
2.048     0.1192     0.0002648
2.148     0.1223     0.0003008
2.248     0.1256     0.0003418
2.348     0.1277     0.0003882
2.448     0.1302     0.0004409
2.548     0.1318     0.0005013
2.648     0.1329     0.0005717
2.748     0.1347     0.0006520
2.848     0.1354     0.0007454
2.948     0.1358     0.0008519
3.091     0.1356     0.0007296
3.292     0.1359     0.0009374
3.492     0.1351     0.0011847
3.773     0.1317     0.0011439
4.136     0.1242     0.0018733
4.437     0.1195     0.0024421
4.819     0.1126     0.0025686
5.403     0.1049     0.0032128
6.295     0.0948     0.0039429
