0.248     0.0311     0.0000428
0.348     0.0429     0.0000482
0.449     0.0560     0.0000533
0.548     0.0692     0.0000585
0.648     0.0814     0.0000653
0.748     0.0927     0.0000734
0.848     0.1032     0.0000827
0.948     0.1134     0.0000932
1.048     0.1227     0.0001049
1.148     0.1319     0.0001179
1.248     0.1406     0.0001329
1.348     0.1493     0.0001498
1.448     0.1571     0.0001690
1.548     0.1647     0.0001922
1.648     0.1716     0.0002173
1.748     0.1779     0.0002456
1.848     0.1831     0.0002774
1.948     0.1891     0.0003136
2.048     0.1924     0.0003548
2.148     0.1977     0.0004017
2.248     0.2009     0.0004547
2.348     0.2037     0.0005148
2.448     0.2061     0.0005824
2.548     0.2067     0.0006609
2.648     0.2093     0.0007503
2.748     0.2100     0.0008531
2.848     0.2108     0.0009736
2.948     0.2094     0.0011102
3.092     0.2085     0.0009478
3.292     0.2068     0.0012118
3.493     0.2057     0.0015184
3.774     0.1969     0.0014480
4.137     0.1925     0.0023391
4.437     0.1855     0.0030387
4.819     0.1755     0.0031894
5.399     0.1610     0.0040386
6.283     0.1488     0.0050760
