0.248     0.0319     0.0000746
0.348     0.0469     0.0000840
0.449     0.0626     0.0000933
0.548     0.0776     0.0001030
0.648     0.0917     0.0001156
0.748     0.1048     0.0001308
0.848     0.1170     0.0001484
0.948     0.1284     0.0001686
1.048     0.1386     0.0001911
1.148     0.1489     0.0002163
1.248     0.1580     0.0002453
1.348     0.1666     0.0002780
1.448     0.1750     0.0003153
1.548     0.1820     0.0003597
1.648     0.1886     0.0004080
1.748     0.1941     0.0004619
1.848     0.1986     0.0005226
1.948     0.2024     0.0005913
2.048     0.2065     0.0006679
2.148     0.2104     0.0007554
2.248     0.2118     0.0008534
2.348     0.2142     0.0009642
2.448     0.2141     0.0010891
2.548     0.2165     0.0012306
2.648     0.2160     0.0013957
2.748     0.2191     0.0015827
2.848     0.2164     0.0018021
2.948     0.2146     0.0020476
3.092     0.2210     0.0017359
3.293     0.2122     0.0021980
3.493     0.2156     0.0027293
3.775     0.2076     0.0025773
4.137     0.2088     0.0041184
4.438     0.2031     0.0052887
4.819     0.1981     0.0055071
5.399     0.1954     0.0068890
6.283     0.2015     0.0087546
