0.248     0.0330     0.0000590
0.348     0.0470     0.0000662
0.449     0.0620     0.0000732
0.548     0.0762     0.0000805
0.648     0.0898     0.0000900
0.748     0.1021     0.0001013
0.848     0.1139     0.0001144
0.948     0.1251     0.0001293
1.048     0.1351     0.0001459
1.148     0.1450     0.0001644
1.248     0.1540     0.0001856
1.348     0.1631     0.0002096
1.448     0.1713     0.0002370
1.548     0.1791     0.0002698
1.648     0.1857     0.0003054
1.748     0.1922     0.0003453
1.848     0.1983     0.0003902
1.948     0.2019     0.0004411
2.048     0.2057     0.0004988
2.148     0.2102     0.0005641
2.248     0.2123     0.0006382
2.348     0.2161     0.0007216
2.448     0.2182     0.0008151
2.548     0.2171     0.0009242
2.648     0.2200     0.0010476
2.748     0.2191     0.0011921
2.848     0.2208     0.0013573
2.948     0.2186     0.0015434
3.092     0.2176     0.0013168
3.292     0.2130     0.0016730
3.493     0.2090     0.0020869
3.775     0.2056     0.0019852
4.137     0.2014     0.0031793
4.438     0.1957     0.0041001
4.820     0.1815     0.0043449
5.399     0.1777     0.0054118
6.287     0.1697     0.0068478
