0.247     0.0262     0.0000341
0.348     0.0351     0.0000388
0.449     0.0459     0.0000430
0.548     0.0565     0.0000473
0.648     0.0666     0.0000528
0.748     0.0761     0.0000593
0.848     0.0850     0.0000668
0.948     0.0935     0.0000752
1.048     0.1016     0.0000846
1.148     0.1094     0.0000950
1.248     0.1170     0.0001070
1.348     0.1244     0.0001204
1.448     0.1315     0.0001358
1.548     0.1383     0.0001544
1.648     0.1444     0.0001747
1.748     0.1504     0.0001974
1.848     0.1561     0.0002232
1.948     0.1609     0.0002524
2.048     0.1650     0.0002859
2.148     0.1691     0.0003240
2.248     0.1721     0.0003676
2.348     0.1754     0.0004166
2.448     0.1772     0.0004724
2.548     0.1796     0.0005362
2.648     0.1809     0.0006103
2.748     0.1825     0.0006953
2.848     0.1843     0.0007934
2.948     0.1823     0.0009059
3.091     0.1844     0.0007738
3.292     0.1826     0.0009929
3.493     0.1801     0.0012487
3.773     0.1748     0.0011993
4.136     0.1672     0.0019547
4.438     0.1594     0.0025413
4.820     0.1543     0.0026715
5.401     0.1369     0.0033630
6.292     0.1400     0.0041696
