0.246     0.0081     0.0000352
0.348     0.0098     0.0000420
0.448     0.0132     0.0000474
0.548     0.0167     0.0000525
0.648     0.0202     0.0000589
0.748     0.0233     0.0000665
0.848     0.0264     0.0000751
0.948     0.0292     0.0000847
1.048     0.0319     0.0000954
1.148     0.0346     0.0001073
1.248     0.0372     0.0001210
1.348     0.0399     0.0001366
1.448     0.0420     0.0001543
1.548     0.0445     0.0001759
1.648     0.0469     0.0001997
1.748     0.0483     0.0002265
1.848     0.0504     0.0002570
1.948     0.0523     0.0002919
2.048     0.0536     0.0003322
2.148     0.0549     0.0003785
2.248     0.0556     0.0004315
2.348     0.0560     0.0004916
2.448     0.0580     0.0005597
2.548     0.0578     0.0006382
2.648     0.0591     0.0007279
2.748     0.0596     0.0008330
2.848     0.0578     0.0009523
2.948     0.0598     0.0010902
3.091     0.0577     0.0009367
3.292     0.0583     0.0012088
3.492     0.0549     0.0015358
3.772     0.0511     0.0014898
4.136     0.0457     0.0024460
4.437     0.0437     0.0031924
4.820     0.0460     0.0033402
5.404     0.0415     0.0041241
6.298     0.0503     0.0049343
