0.248     0.0324     0.0000495
0.348     0.0455     0.0000557
0.449     0.0597     0.0000616
0.548     0.0734     0.0000676
0.648     0.0864     0.0000755
0.748     0.0983     0.0000849
0.848     0.1094     0.0000958
0.948     0.1202     0.0001081
1.048     0.1302     0.0001218
1.148     0.1397     0.0001370
1.248     0.1488     0.0001545
1.348     0.1574     0.0001743
1.448     0.1661     0.0001968
1.548     0.1731     0.0002240
1.648     0.1802     0.0002533
1.748     0.1870     0.0002863
1.848     0.1925     0.0003235
1.948     0.1974     0.0003655
2.048     0.2024     0.0004134
2.148     0.2058     0.0004680
2.248     0.2090     0.0005295
2.348     0.2107     0.0005991
2.448     0.2136     0.0006781
2.548     0.2148     0.0007677
2.648     0.2151     0.0008724
2.748     0.2165     0.0009925
2.848     0.2164     0.0011312
2.948     0.2171     0.0012896
3.092     0.2148     0.0010987
3.292     0.2127     0.0013984
3.493     0.2093     0.0017509
3.774     0.2047     0.0016666
4.137     0.2012     0.0026880
4.438     0.1918     0.0034871
4.820     0.1787     0.0036610
5.400     0.1742     0.0046006
6.286     0.1648     0.0057555
