0.247     0.0003     0.0000500      
0.348     0.0008     0.0000573      
0.449     0.0013     0.0000633
0.548     0.0021     0.0000697
0.648     0.0029     0.0000778
0.748     0.0038     0.0000875
0.848     0.0048     0.0000986
0.948     0.0055     0.0001112
1.048     0.0065     0.0001251
1.148     0.0076     0.0001405
1.248     0.0086     0.0001583
1.348     0.0098     0.0001783
1.448     0.0109     0.0002012
1.548     0.0123     0.0002289
1.648     0.0131     0.0002592
1.748     0.0142     0.0002933
1.892     0.0160     0.0002487
2.092     0.0177     0.0003198
2.331     0.0198     0.0003561
2.697     0.0217     0.0004517
3.200     0.0234     0.0008647
3.708     0.0219     0.0015267
4.366     0.0176     0.0020662
5.402     0.0116     0.0043109
