0.248     0.0008     0.0000700      
0.348     0.0017     0.0000788      
0.449     0.0026     0.0000867
0.548     0.0040     0.0000953
0.648     0.0053     0.0001064
0.748     0.0070     0.0001197
0.848     0.0086     0.0001349
0.948     0.0105     0.0001522
1.048     0.0120     0.0001715
1.148     0.0137     0.0001929
1.248     0.0152     0.0002176
1.348     0.0175     0.0002454
1.448     0.0193     0.0002771
1.548     0.0216     0.0003154
1.648     0.0227     0.0003570
1.748     0.0244     0.0004037
1.892     0.0271     0.0003419
2.092     0.0299     0.0004382
2.332     0.0318     0.0004854
2.697     0.0334     0.0006107
3.201     0.0353     0.0011570
3.709     0.0343     0.0020115
4.368     0.0287     0.0026887
5.400     0.0272     0.0056052
