0.247     0.0007     0.0000537     
0.348     0.0010     0.0000610      
0.449     0.0018     0.0000673
0.548     0.0028     0.0000740
0.648     0.0038     0.0000826
0.748     0.0050     0.0000929
0.848     0.0061     0.0001046
0.948     0.0071     0.0001179
1.048     0.0083     0.0001327
1.148     0.0100     0.0001491
1.248     0.0113     0.0001680
1.348     0.0127     0.0001893
1.448     0.0138     0.0002136
1.548     0.0151     0.0002429
1.648     0.0166     0.0002750
1.748     0.0179     0.0003111
1.892     0.0199     0.0002637
2.092     0.0221     0.0003384
2.331     0.0247     0.0003761
2.697     0.0272     0.0004758
3.200     0.0282     0.0009067
3.708     0.0252     0.0015957
4.367     0.0231     0.0021537
5.401     0.0120     0.0044848
