0.248     0.0010     0.0001720      
0.348     0.0017     0.0001936      
0.449     0.0032     0.0002139
0.548     0.0051     0.0002362
0.648     0.0066     0.0002652
0.748     0.0091     0.0003001
0.848     0.0106     0.0003406
0.948     0.0122     0.0003872
1.048     0.0147     0.0004392
1.148     0.0171     0.0004973
1.248     0.0180     0.0005643
1.348     0.0204     0.0006398
1.448     0.0239     0.0007259
1.548     0.0238     0.0008287
1.648     0.0275     0.0009400
1.748     0.0278     0.0010648
1.892     0.0315     0.0009030
2.092     0.0352     0.0011541
2.332     0.0358     0.0012719
2.698     0.0363     0.0015854
3.203     0.0361     0.0029497
3.710     0.0372     0.0050218
4.372     0.0403     0.0065668
5.400     0.0240     0.0134921
