0.248     0.0008     0.0001076     
0.348     0.0021     0.0001209      
0.449     0.0033     0.0001331
0.548     0.0049     0.0001464
0.648     0.0070     0.0001636
0.748     0.0086     0.0001844
0.848     0.0105     0.0002083
0.948     0.0123     0.0002357
1.048     0.0142     0.0002662
1.148     0.0162     0.0003001
1.248     0.0183     0.0003392
1.348     0.0203     0.0003833
1.448     0.0229     0.0004336
1.548     0.0252     0.0004940
1.648     0.0272     0.0005594
1.748     0.0303     0.0006331
1.892     0.0313     0.0005364
2.092     0.0334     0.0006864
2.332     0.0371     0.0007579
2.698     0.0386     0.0009500
3.202     0.0367     0.0017850
3.710     0.0358     0.0030759
4.368     0.0379     0.0040598
5.399     0.0173     0.0084258
