0.248     0.0008     0.0000599    
0.348     0.0012     0.0000677     
0.449     0.0022     0.0000745
0.548     0.0035     0.0000819
0.648     0.0047     0.0000914
0.748     0.0059     0.0001028
0.848     0.0073     0.0001158
0.948     0.0088     0.0001306
1.048     0.0104     0.0001470
1.148     0.0117     0.0001652
1.248     0.0131     0.0001862
1.348     0.0151     0.0002100
1.448     0.0167     0.0002370
1.548     0.0180     0.0002696
1.648     0.0198     0.0003052
1.748     0.0222     0.0003450
1.892     0.0237     0.0002924
2.092     0.0261     0.0003749
2.331     0.0279     0.0004158
2.697     0.0306     0.0005248
3.201     0.0311     0.0009960
3.708     0.0329     0.0017450
4.367     0.0279     0.0023457
5.399     0.0215     0.0048835
