0.248     0.0009     0.0000843   
0.348     0.0017     0.0000948      
0.449     0.0029     0.0001043
0.548     0.0044     0.0001146
0.648     0.0062     0.0001280
0.748     0.0077     0.0001441
0.848     0.0099     0.0001626
0.948     0.0118     0.0001837
1.048     0.0131     0.0002072
1.148     0.0154     0.0002332
1.248     0.0172     0.0002633
1.348     0.0194     0.0002972
1.448     0.0213     0.0003360
1.548     0.0232     0.0003826
1.648     0.0248     0.0004330
1.748     0.0271     0.0004898
1.892     0.0292     0.0004148
2.092     0.0325     0.0005312
2.332     0.0353     0.0005874
2.698     0.0373     0.0007383
3.202     0.0364     0.0013931
3.709     0.0339     0.0024137
4.368     0.0341     0.0032128
5.401     0.0257     0.0066326
