0.247     0.0001     0.0000555     
0.348     0.0002     0.0000652      
0.448     0.0006     0.0000726
0.548     0.0010     0.0000802
0.648     0.0011     0.0000898
0.748     0.0018     0.0001012
0.848     0.0021     0.0001141
0.948     0.0027     0.0001287
1.048     0.0032     0.0001449
1.148     0.0040     0.0001628
1.248     0.0045     0.0001835
1.348     0.0051     0.0002069
1.448     0.0060     0.0002337
1.548     0.0070     0.0002660
1.648     0.0065     0.0003017
1.748     0.0080     0.0003418
1.892     0.0086     0.0002905
2.091     0.0089     0.0003750
2.331     0.0105     0.0004198
2.696     0.0113     0.0005359
3.199     0.0128     0.0010324
3.707     0.0097     0.0018453
4.367     0.0121     0.0025172
5.404     0.0070     0.0051926
