0.246     0.0001     0.0000741    
0.348     0.0001     0.0000886   
0.448     0.0002     0.0000993
0.548     0.0004     0.0001101
0.648     0.0005     0.0001236
0.748     0.0008     0.0001395
0.848     0.0009     0.0001575
0.948     0.0014     0.0001776
1.048     0.0015     0.0002002
1.148     0.0022     0.0002250
1.248     0.0024     0.0002539
1.348     0.0026     0.0002864
1.448     0.0030     0.0003237
1.548     0.0029     0.0003691
1.648     0.0035     0.0004190
1.748     0.0032     0.0004752
1.892     0.0048     0.0004046
2.091     0.0056     0.0005237
2.331     0.0056     0.0005886
2.696     0.0053     0.0007547
3.199     0.0075     0.0014608
3.706     0.0077     0.0026251
4.367     0.0033     0.0035835
5.408     0.0037     0.0073055
