0.247     0.0004     0.0000500      
0.348     0.0004     0.0000578     
0.448     0.0009     0.0000642
0.548     0.0015     0.0000707
0.648     0.0021     0.0000791
0.748     0.0027     0.0000890
0.848     0.0034     0.0001003
0.948     0.0042     0.0001131
1.048     0.0049     0.0001273
1.148     0.0057     0.0001429
1.248     0.0066     0.0001611
1.348     0.0075     0.0001815
1.448     0.0082     0.0002049
1.548     0.0089     0.0002332
1.648     0.0102     0.0002642
1.748     0.0109     0.0002990
1.892     0.0121     0.0002538
2.092     0.0138     0.0003269
2.331     0.0149     0.0003650
2.696     0.0174     0.0004643
3.200     0.0174     0.0008913
3.707     0.0170     0.0015843
4.366     0.0143     0.0021565
5.404     0.0170     0.0044658
