0.248     0.0011     0.0001405     
0.348     0.0018     0.0001579      
0.449     0.0030     0.0001739
0.548     0.0050     0.0001916
0.648     0.0070     0.0002145
0.748     0.0084     0.0002420
0.848     0.0109     0.0002739
0.948     0.0122     0.0003104
1.048     0.0142     0.0003511
1.148     0.0165     0.0003964
1.248     0.0186     0.0004488
1.348     0.0213     0.0005077
1.448     0.0233     0.0005752
1.548     0.0255     0.0006554
1.648     0.0262     0.0007431
1.748     0.0282     0.0008410
1.892     0.0311     0.0007126
2.092     0.0349     0.0009117
2.332     0.0381     0.0010057
2.698     0.0379     0.0012585
3.202     0.0363     0.0023517
3.710     0.0333     0.0040377
4.371     0.0352     0.0053164
5.400     0.0330     0.0109819
