==================================================================================

invariant mass distribution for foreground K+K- pairs 
==================================================================================

   n    Ncounts  Minv 

   12     599        0.9915
   13     12488      0.9925
   14     20195      0.9935
   15     25209      0.9945
   16     29079      0.9955
   17     32681      0.9965
   18     35281      0.9975
   19     38334      0.9985
   20     40196      0.9995
   21     42776      1.0005
   22     44872      1.0015
   23     46522      1.0025
   24     48351      1.0035
   25     49768      1.0045
   26     51458      1.0055
   27     52362      1.0065
   28     54017      1.0075
   29     55515      1.0085
   30     56731      1.0095
   31     58288      1.0105
   32     59864      1.0115
   33     61508      1.0125
   34     63297      1.0135
   35     66113      1.0145
   36     69934      1.0155
   37     74790      1.0165
   38     80396      1.0175
   39     83349      1.0185
   40     83249      1.0195
   41     79392      1.0205
   42     76322      1.0215
   43     72835      1.0225
   44     70796      1.0235
   45     69270      1.0245
   46     68971      1.0255
   47     68074      1.0265
   48     68300      1.0275
   49     67994      1.0285
   50     68853      1.0295
   51     68428      1.0305
   52     68220      1.0315
   53     69299      1.0325
   54     69099      1.0335
   55     69059      1.0345
   56     69291      1.0355
   57     70113      1.0365
   58     69901      1.0375
   59     70092      1.0385
   60     70327      1.0395
   61     70865      1.0405
   62     71173      1.0415
   63     71035      1.0425
   64     72087      1.0435
   65     71642      1.0445
   66     71432      1.0455
   67     71715      1.0465
   68     71688      1.0475
   69     71941      1.0485
   70     71823      1.0495
   71     72778      1.0505
   72     72643      1.0515
   73     72711      1.0525
   74     72688      1.0535
   75     73101      1.0545
   76     73133      1.0555
   77     73204      1.0565
   78     74252      1.0575
   79     73571      1.0585
   80     73654      1.0595
   81     73408      1.0605
   82     73266      1.0615
   83     73669      1.0625
   84     73516      1.0635
   85     74079      1.0645
   86     74098      1.0655
   87     74275      1.0665
   88     74698      1.0675
   89     74258      1.0685
   90     74226      1.0695
   91     74104      1.0705
   92     74118      1.0715
   93     74267      1.0725
   94     73937      1.0735
   95     74124      1.0745
  
   
==============================================================================================

invariant mass distribution for background K+K- pairs 
----------------------------------------------------------------------------------------------


 n    Ncounts  Minv    Error

  12     599.498      0.9915     2.51632
  13     12369.6      0.9925     11.4301
  14     19869.8      0.9935     14.4867
  15     24874.8      0.9945     16.2088
  16     28814.1      0.9955     17.4451
  17     32101.9      0.9965     18.4136
  18     34963.6      0.9975     19.2168
  19     37479.5      0.9985     19.8962
  20     39766.1      0.9995     20.4941
  21     41849.7      1.0005     21.0241
  22     43793.7      1.0015     21.5069
  23     45519.7      1.0025     21.9266
  24     47138.7      1.0035     22.3132
  25     48660.3      1.0045     22.6704
  26     49979.9      1.0055     22.9758
  27     51346.6      1.0065     23.2878
  28     52517.2      1.0075     23.5518
  29     53669.8      1.0085     23.8088
  30     54696.6      1.0095     24.0355
  31     55672.4      1.0105     24.2489
  32     56602.6      1.0115     24.4507
  33     57451.8      1.0125     24.6334
  34     58302.3      1.0135     24.8151
  35     58981.5      1.0145     24.9592
  36     59727.4      1.0155     25.1165
  37     60394.2      1.0165     25.2563
  38     61025.2      1.0175     25.3879
  39     61630.5      1.0185     25.5135
  40     62247.9      1.0195     25.641
  41     62763.3      1.0205     25.7469
  42     63279.9      1.0215     25.8527
  43     63798.7      1.0225     25.9584
  44     64294.3      1.0235     26.059
  45     64693.7      1.0245     26.1399
  46     65119.9      1.0255     26.2258
  47     65621.9      1.0265     26.3267
  48     65973.6      1.0275     26.3972
  49     66366.6      1.0285     26.4757
  50     66736.2      1.0295     26.5493
  51     67129.7      1.0305     26.6275
  52     67504.2      1.0315     26.7016
  53     67781.8      1.0325     26.7565
  54     68128.2      1.0335     26.8247
  55     68465.6      1.0345     26.8911
  56     68754.3      1.0355     26.9477
  57     69121.6      1.0365     27.0196
  58     69320.7      1.0375     27.0585
  59     69624.8      1.0385     27.1178
  60     69889.3      1.0395     27.1693
  61     70110.6      1.0405     27.2122
  62     70367.4      1.0415     27.262
  63     70573.3      1.0425     27.3019
  64     70805.9      1.0435     27.3469
  65     71028.5      1.0445     27.3898
  66     71273.2      1.0455     27.4369
  67     71437.5      1.0465     27.4685
  68     71659.4      1.0475     27.5112
  69     71848.6      1.0485     27.5475
  70     72002.9      1.0495     27.577
  71     72194.1      1.0505     27.6136
  72     72255.2      1.0515     27.6253
  73     72421.7      1.0525     27.6571
  74     72589.2      1.0535     27.6891
  75     72740.4      1.0545     27.7179
  76     72885.1      1.0555     27.7454
  77     72968.6      1.0565     27.7613
  78     73132.4      1.0575     27.7925
  79     73246.3      1.0585     27.8141
  80     73380.6      1.0595     27.8396
  81     73426.2      1.0605     27.8483
  82     73537.8      1.0615     27.8694
  83     73656.9      1.0625     27.892
  84     73772.6      1.0635     27.9139
  85     73828.7      1.0645     27.9245
  86     73923.5      1.0655     27.9424
  87     74060.6      1.0665     27.9683
  88     74055.2      1.0675     27.9673
  89     74126.7      1.0685     27.9808
  90     74145.8      1.0695     27.9844
  91     74159.6      1.0705     27.987
  92     74059.9      1.0715     27.9682
  93     74065.7      1.0725     27.9693
  94     73945.6      1.0735     27.9466
  95     73932.7      1.0745     27.9441
 
 
  
=================================================================================================  







   
   
   
   
   
   
