v2 of MPC+RXNin for 0 - 10 %
pT       v2      error
1.25   0.0523   0.0031
1.75   0.0617   0.0019
2.25   0.0697   0.0018
2.75   0.0777   0.0022
3.25   0.0746   0.0029
3.75   0.0695   0.0034
4.25   0.0612   0.0042
4.75   0.0615   0.0054
5.50   0.0610   0.0057
6.50   0.0391   0.0088
7.50   0.0526   0.0126
8.50   0.0467   0.0184
9.50   0.0419   0.0261
11.00   0.0055   0.0283
13.00   0.0615   0.0512
15.00   0.1435   0.1019
17.00   0.1409   0.1372
v2 of MPC+RXNin for 10 - 20 %
pT       v2      error
1.25   0.0996   0.0020
1.75   0.1208   0.0012
2.25   0.1320   0.0012
2.75   0.1386   0.0014
3.25   0.1373   0.0019
3.75   0.1221   0.0022
4.25   0.1174   0.0030
4.75   0.1071   0.0040
5.50   0.0949   0.0041
6.50   0.0855   0.0066
7.50   0.0887   0.0100
8.50   0.0783   0.0148
9.50   0.0991   0.0211
11.00   0.0648   0.0236
13.00   0.1224   0.0440
15.00   0.1507   0.0753
17.00   -0.1153   0.1492
v2 of MPC+RXNin for 20 - 30 %
pT       v2      error
1.25   0.1346   0.0018
1.75   0.1572   0.0011
2.25   0.1704   0.0011
2.75   0.1750   0.0014
3.25   0.1726   0.0018
3.75   0.1646   0.0023
4.25   0.1493   0.0031
4.75   0.1333   0.0041
5.50   0.1242   0.0039
6.50   0.1081   0.0066
7.50   0.1043   0.0103
8.50   0.0796   0.0156
9.50   0.0741   0.0222
11.00   0.0577   0.0249
13.00   0.0294   0.0455
15.00   0.0161   0.0801
17.00   0.1917   0.1424
v2 of MPC+RXNin for 30 - 40 %
pT       v2      error
1.25   0.1534   0.0019
1.75   0.1788   0.0010
2.25   0.1898   0.0011
2.75   0.1920   0.0014
3.25   0.1823   0.0019
3.75   0.1791   0.0024
4.25   0.1640   0.0032
4.75   0.1584   0.0044
5.50   0.1406   0.0044
6.50   0.1252   0.0076
7.50   0.1224   0.0122
8.50   0.1090   0.0183
9.50   0.1163   0.0278
11.00   0.1112   0.0299
13.00   0.1214   0.0560
15.00   0.1556   0.1043
17.00   0.1111   0.1940
v2 of MPC+RXNin for 40 - 50 %
pT       v2      error
1.25   0.1676   0.0022
1.75   0.1862   0.0012
2.25   0.1935   0.0013
2.75   0.1989   0.0017
3.25   0.1989   0.0022
3.75   0.1750   0.0028
4.25   0.1736   0.0039
4.75   0.1671   0.0054
5.50   0.1473   0.0058
6.50   0.1253   0.0102
7.50   0.1200   0.0166
8.50   0.1098   0.0256
9.50   0.1383   0.0389
11.00   0.1269   0.0426
13.00   0.0540   0.0879
15.00   0.0532   0.1456
17.00   -0.0181   0.2846
v2 of MPC+RXNin for 50 - 60 %
pT       v2      error
1.25   0.1650   0.0030
1.75   0.1841   0.0016
2.25   0.1894   0.0017
2.75   0.1888   0.0022
3.25   0.1825   0.0031
3.75   0.1763   0.0042
4.25   0.1838   0.0061
4.75   0.1747   0.0085
5.50   0.1734   0.0092
6.50   0.1771   0.0161
7.50   0.1153   0.0271
8.50   0.1617   0.0419
9.50   0.1986   0.0601
11.00   0.1398   0.0700
13.00   0.2379   0.1227
15.00   0.0800   0.2248
17.00   0.2870   0.4645
Ratio of v2s for 0 - 20 %
pT  v_2^{MPC}/v_2^{MPC+RXNin} error v_2^{RXNin}/v_2^{MPC+RXNin}  error
1.25             0.9697         0.0396             0.9946           0.0285
1.75             1.0293         0.0176             1.0071           0.0143
2.25             1.0588         0.0161             0.9967           0.0126
2.75             1.0500         0.0180             0.9846           0.0141
3.25             1.0515         0.0233             0.9879           0.0182
3.75             1.0970         0.0292             0.9808           0.0227
4.25             1.0416         0.0407             0.9768           0.0316
4.75             1.0910         0.0558             0.9735           0.0434
5.50             1.0320         0.0628             0.9243           0.0489
6.50             0.9819         0.1230             1.0455           0.0957
7.50             1.0284         0.1608             1.1409           0.1254
8.50             1.0333         0.2667             1.1649           0.2075
9.50             1.1638         0.3324             0.8879           0.2595
11.00             0.3081         0.7136             1.4390           0.5618
13.00             0.6605         0.5490             1.0856           0.4254
Ratio of v2s for 20 - 40 %
pT  v_2^{MPC}/v_2^{MPC+RXNin} error v_2^{RXNin}/v_2^{MPC+RXNin}  error
1.25             1.0174         0.0133             0.9873           0.0108
1.75             1.0279         0.0063             1.0049           0.0051
2.25             1.0340         0.0063             0.9917           0.0051
2.75             1.0080         0.0078             0.9989           0.0063
3.25             1.0280         0.0107             0.9949           0.0087
3.75             1.0095         0.0137             0.9999           0.0111
4.25             1.0318         0.0202             0.9962           0.0165
4.75             0.9932         0.0291             1.0026           0.0237
5.50             0.9846         0.0311             1.0089           0.0254
6.50             0.9456         0.0603             1.0227           0.0492
7.50             0.9422         0.0982             1.1069           0.0800
8.50             1.0466         0.1809             0.9876           0.1481
9.50             1.0257         0.2618             1.0138           0.2151
11.00             0.9997         0.3420             0.9388           0.2764
13.00             1.9192         0.7246             1.1461           0.5982
Ratio of v2s for 40 - 60 %
pT  v_2^{MPC}/v_2^{MPC+RXNin} error v_2^{RXNin}/v_2^{MPC+RXNin}  error
1.25             1.0498         0.0164             0.9855           0.0125
1.75             1.0365         0.0080             0.9868           0.0061
2.25             1.0269         0.0083             1.0007           0.0063
2.75             1.0167         0.0105             0.9977           0.0080
3.25             0.9976         0.0140             1.0044           0.0107
3.75             1.0165         0.0203             1.0263           0.0155
4.25             0.9909         0.0285             1.0019           0.0217
4.75             0.9422         0.0412             1.0035           0.0314
5.50             0.9279         0.0478             1.0127           0.0365
6.50             0.9231         0.0920             1.1182           0.0696
7.50             1.0371         0.1839             1.0019           0.1396
8.50             0.7201         0.2607             1.0505           0.2029
9.50             0.7812         0.3160             1.0922           0.2425
11.00             0.7491         0.4240             1.2194           0.3268
13.00             0.8317         0.9541             0.8395           0.7103
