Integrated v2 for 6<pT<9 GeV/c
Npart   v2     stat.error  sys.error
351.4   0.0275      0.0110     0.0039
299.0   0.0598      0.0084     0.0073
253.9   0.0736      0.0074     0.0047
215.3   0.0912      0.0071     0.0058
181.6   0.1059      0.0072     0.0068
151.5   0.1055      0.0075     0.0068
125.7   0.1134      0.0081     0.0073
102.7   0.1322      0.0091     0.0085
74.4   0.1205      0.0082     0.0077
45.5   0.1501      0.0131     0.0096
WHDG calculation: Npart   upper_v2  lower_v2
                  350.8    0.0096    0.0091
                  325.8    0.0191    0.0178
                  236.1    0.0474    0.0430
                  167.6    0.0651    0.0582
                  115.5    0.0747    0.0658
                  74.4    0.0762    0.0661
                  45.5    0.0698    0.0593
AMY calculation: Npart   v2 
                 167.6  0.0374
HT calculation: Npart   v2 
                 167.6  0.0293
ASW calculation: Npart   v2 
                 167.6  0.0671


Integrated v2 for pT>9 GeV/c
Npart   v2     stat.error  sys.error
325.8   0.0339      0.0174     0.0048
236.1   0.0918      0.0145     0.0054
167.6   0.0617      0.0152     0.0036
115.5   0.1132      0.0187     0.0066
74.4   0.1219      0.0266     0.0071
45.5   0.1763      0.0417     0.0103
WHDG calculation: Npart   upper_v2  lower_v2
                  350.8    0.0096    0.0088
                  325.8    0.0189    0.0171
                  236.1    0.0459    0.0405
                  167.6    0.0621    0.0538
                  115.5    0.0701    0.0599
                  74.4    0.0702    0.0589
                  45.5    0.0628    0.0515
AMY calculation: Npart   v2 
                 167.6  0.0342
HT calculation: Npart   v2 
                 167.6  0.0293
ASW calculation: Npart   v2 
                 167.6  0.0593


Integrated Raa for 6<pT<9 GeV/c
Npart   Raa     stat.error  sys.error
350.8   0.1789      0.0076     0.0218
325.8   0.1954      0.0064     0.0235
236.1   0.2583      0.0081     0.0312
167.6   0.3272      0.0105     0.0394
115.5   0.3996      0.0140     0.0481
76.2   0.5146      0.0201     0.0621
47.1   0.6304      0.0293     0.0760
26.7   0.7433      0.0441     0.0911
13.7   0.8131      0.0762     0.0980
6.2   0.8243      0.1053     0.0998
WHDG calculation: Npart   lower_Raa  upper_Raa
                  350.8     0.1329     0.1791
                  325.8     0.1387     0.1864
                  236.1     0.1672     0.2213
                  167.6     0.2036     0.2648
                  115.5     0.2499     0.3190
                  74.4     0.3108     0.3886
                  45.5     0.3927     0.4777
AMY calculation: Npart   Raa 
                 350.8  0.1850
                 167.6  0.2830
HT calculation: Npart   Raa 
                 350.8  0.2250
                 167.6  0.3430
ASW calculation: Npart   Raa 
                 350.8  0.1750
                 167.6  0.3005


Integrated Raa for pT>9 GeV/c
Npart   Raa     stat.error  sys.error
350.8   0.2005      0.0192     0.0268
325.8   0.2095      0.0179     0.0281
236.1   0.2760      0.0259     0.0391
167.6   0.3448      0.0271     0.0446
115.5   0.4670      0.0377     0.0610
76.2   0.5257      0.0500     0.0687
47.1   0.6962      0.1039     0.0942
26.7   0.7537      0.1084     0.0990
13.7   0.6572      0.1382     0.0854
6.2   0.8770      0.2281     0.1146
WHDG calculation: Npart   lower_Raa  upper_Raa
                  350.8     0.1596     0.2161
                  325.8     0.1665     0.2246
                  236.1     0.1996     0.2644
                  167.6     0.2410     0.3128
                  115.5     0.2927     0.3718
                  74.4     0.3592     0.4456
                  45.5     0.4464     0.5372
AMY calculation: Npart   Raa 
                 350.8  0.1850
                 167.6  0.3110
HT calculation: Npart   Raa 
                 350.8  0.2250
                 167.6  0.3420
ASW calculation: Npart   Raa 
                 350.8  0.1750
                 167.6  0.3285
