 0.50  0.0000249001
 1.00  0.0000247566
 1.49  0.0000245195
 1.99  0.0000241919
 2.49  0.0000237782
 2.99  0.0000232838
 3.48  0.0000227150
 3.98  0.0000220787
 4.48  0.0000213828
 4.98  0.0000206354
 5.47  0.0000198450
 5.97  0.0000190201
 6.47  0.0000181695
 6.97  0.0000173015
 7.46  0.0000164241
 7.96  0.0000155450
 8.46  0.0000146712
 8.96  0.0000138093
 9.45  0.0000129649
 9.95  0.0000121432
10.45  0.0000113483
10.95  0.0000105838
11.44  0.0000098525
11.94  0.0000091565
12.44  0.0000084972
12.94  0.0000078755
13.43  0.0000072915
13.93  0.0000067451
14.43  0.0000062356
14.93  0.0000057621
15.42  0.0000053233
15.92  0.0000049176
16.42  0.0000045434
16.92  0.0000041989
17.41  0.0000038822
17.91  0.0000035916
18.41  0.0000033250
18.91  0.0000030807
19.40  0.0000028570
19.90  0.0000026520
20.40  0.0000024643
20.90  0.0000022922
21.39  0.0000021344
21.89  0.0000019896
22.39  0.0000018566
22.89  0.0000017342
23.38  0.0000016216
23.88  0.0000015177
24.38  0.0000014219
24.88  0.0000013332
25.37  0.0000012511
25.87  0.0000011750
26.37  0.0000011043
26.87  0.0000010386
27.36  0.0000009773
27.86  0.0000009203
28.36  0.0000008670
28.86  0.0000008172
29.35  0.0000007706
29.85  0.0000007270
30.35  0.0000006861
30.85  0.0000006477
31.34  0.0000006116
31.84  0.0000005778
32.34  0.0000005459
32.84  0.0000005159
33.33  0.0000004876
33.83  0.0000004610
34.33  0.0000004359
34.83  0.0000004122
35.32  0.0000003899
35.82  0.0000003688
36.32  0.0000003488
36.82  0.0000003300
37.31  0.0000003122
37.81  0.0000002954
38.31  0.0000002795
38.81  0.0000002644
39.30  0.0000002502
39.80  0.0000002367
40.30  0.0000002240
40.80  0.0000002119
41.29  0.0000002005
41.79  0.0000001896
42.29  0.0000001794
