 1.250  4.668204e-02  3.999338e-03  2.650114e-03  2.995263e-03  2.995263e-03 
 1.750  8.301358e-03  5.649303e-04  2.801828e-04  4.905547e-04  4.905547e-04 
 2.250  1.868655e-03  1.200951e-04  4.096711e-05  1.128916e-04  1.128916e-04 
 2.750  4.988241e-04  3.335024e-05  1.164780e-05  3.125008e-05  3.125008e-05 
 3.250  1.567363e-04  1.118995e-05  4.618675e-06  1.019229e-05  1.019229e-05 
 3.750  5.602081e-05  4.389528e-06  2.230204e-06  3.780761e-06  3.780761e-06 
 4.250  2.133673e-05  1.889938e-06  1.159093e-06  1.492772e-06  1.492772e-06 
 4.750  8.554729e-06  6.719427e-07  1.854293e-07  6.458505e-07  6.458505e-07 
 5.250  3.662985e-06  3.012602e-07  9.951094e-08  2.843506e-07  2.843506e-07 
 5.750  1.776732e-06  1.519646e-07  5.543519e-08  1.414927e-07  1.414927e-07 
 6.250  9.371813e-07  8.448855e-08  3.608709e-08  7.639396e-08  7.639396e-08 
 6.750  5.033389e-07  4.783344e-08  2.271158e-08  4.209777e-08  4.209777e-08 
 7.250  2.634586e-07  4.663318e-08  1.480618e-08  4.422025e-08  4.422025e-08 
 7.750  1.539798e-07  1.726634e-08  1.097763e-08  1.332735e-08  1.332735e-08 
 8.250  9.271754e-08  1.193604e-08  8.681704e-09  8.191282e-09  8.191282e-09 
 8.750  4.265351e-08  6.221903e-09  4.906951e-09  3.825429e-09  3.825429e-09 
 9.250  3.211539e-08  4.975544e-09  4.004930e-09  2.952383e-09  2.952383e-09 
 9.750  2.540347e-08  4.261833e-09  3.562654e-09  2.338955e-09  2.338955e-09 
11.000  1.049649e-08  1.485289e-09  1.077807e-09  1.021967e-09  1.021967e-09 
13.000  2.894499e-09  5.996180e-10  5.183197e-10  3.014736e-10  3.014736e-10 
15.000  1.195107e-09  3.625395e-10  3.386067e-10  1.295392e-10  1.295392e-10
 

