trigger meson, associated meson (fig 4)

0-5%
  B=1.22269
  \Delta\phi     yield        stat. err.
0.0785398, 1.33886,  0.011783
0.235619, 1.33292,  0.012043
0.392699, 1.29744,  0.0123947
0.549779, 1.25507,  0.0124096
0.706858, 1.23283,  0.0127931
0.863938, 1.26573,  0.0144647
1.02102, 1.22567,  0.0174412
1.1781, 1.24125,  0.0249877
2.12058, 1.26547,  0.0220858
2.27765, 1.24863,  0.014169
2.43473, 1.23857,  0.0107671
2.59181, 1.24375,  0.00910357
2.74889, 1.24637,  0.00869549
2.90597, 1.25377,  0.00890496
3.06305, 1.22093,  0.00906253

5-10%
 B = 1.05023
0.0785398, 1.19263,  0.0112126
0.235619, 1.15733,  0.0113097
0.392699, 1.12789,  0.0116461
0.549779, 1.0766,  0.0115831
0.706858, 1.06297,  0.011963
0.863938, 1.08301,  0.0134682
1.02102, 1.06177,  0.0163309
1.1781, 1.01641,  0.0226823
2.12058, 1.07536,  0.0205838
2.27765, 1.05302,  0.0131388
2.43473, 1.07765,  0.0101374
2.59181, 1.05747,  0.00847328
2.74889, 1.08985,  0.00820763
2.90597, 1.07968,  0.00835531
3.06305, 1.08194,  0.00863139

10-20%
 B = 0.846843
0.0785398, 0.977265,  0.00766943
0.235619, 0.957105,  0.00775851
0.392699, 0.91812,  0.00791071
0.549779, 0.898306,  0.0079661
0.706858, 0.876338,  0.00818254
0.863938, 0.852021,  0.00898161
1.02102, 0.849299,  0.0109737
1.1781, 0.84666,  0.0155798
2.12058, 0.865839,  0.0139476
2.27765, 0.860222,  0.00895428
2.43473, 0.880284,  0.00690904
2.59181, 0.886623,  0.00584583
2.74889, 0.892685,  0.00560126
2.90597, 0.884512,  0.005712
3.06305, 0.876526,  0.00587428

20-40%
B = 0.48838
0.0785398, 0.608729,  0.00507841
0.235619, 0.598197,  0.00514287
0.392699, 0.546458,  0.0051212
0.549779, 0.534418,  0.00515846
0.706858, 0.507189,  0.00522831
0.863938, 0.494584,  0.00574535
1.02102, 0.485928,  0.00696024
1.1781, 0.472799,  0.0097256
2.12058, 0.512159,  0.00901124
2.27765, 0.491062,  0.00568997
2.43473, 0.518293,  0.00445947
2.59181, 0.525087,  0.00378575
2.74889, 0.526603,  0.00362104
2.90597, 0.537046,  0.00374919
3.06305, 0.537495,  0.00388173

40-60%
 B = 0.195525
0.0785398, 0.30199,  0.00540845
0.235619, 0.280206,  0.00532413
0.392699, 0.239209,  0.00511673
0.549779, 0.219057,  0.00499144
0.706858, 0.205701,  0.00503403
0.863938, 0.199516,  0.00551499
1.02102, 0.182472,  0.00644872
1.1781, 0.18816,  0.00925316
2.12058, 0.209976,  0.00879164
2.27765, 0.206906,  0.00560076
2.43473, 0.216572,  0.0043664
2.59181, 0.222296,  0.00373139
2.74889, 0.221035,  0.00355395
2.90597, 0.230394,  0.00372521
3.06305, 0.231039,  0.0038632

60-90%
 B = 0.0489763
0.0785398, 0.128181,  0.00595371
0.235619, 0.103269,  0.00546201
0.392699, 0.0760356,  0.0047998
0.549779, 0.0725392,  0.00483885
0.706858, 0.0620519,  0.00461286
0.863938, 0.0560048,  0.00493042
1.02102, 0.044763,  0.00532048
1.1781, 0.04368,  0.00752444
2.12058, 0.0571363,  0.00767715
2.27765, 0.06022,  0.00508509
2.43473, 0.0650323,  0.00400003
2.59181, 0.0628029,  0.00332152
2.74889, 0.0657641,  0.00324093
2.90597, 0.0628191,  0.00324997
3.06305, 0.0682169,  0.0036137


trigger baryon, associated meson

0-5%
B = 1.22493
0.0785398, 1.31586,  0.0151301
0.235619, 1.29874,  0.0154439
0.392699, 1.26556,  0.0158957
0.549779, 1.23937,  0.0159659
0.706858, 1.21986,  0.0163952
0.863938, 1.22699,  0.0182972
1.02102, 1.25796,  0.0226165
1.1781, 1.19924,  0.0313473
2.12058, 1.20289,  0.0282986
2.27765, 1.24091,  0.0183564
2.43473, 1.24226,  0.0139032
2.59181, 1.23094,  0.0116804
2.74889, 1.24201,  0.0111962
2.90597, 1.23056,  0.0114027
3.06305, 1.21909,  0.0116656

5-10%
 B = 1.05368
0.0785398, 1.13921,  0.0144447
0.235619, 1.14867,  0.0148911
0.392699, 1.09624,  0.0151595
0.549779, 1.09009,  0.0153588
0.706858, 1.11171,  0.0160495
0.863938, 1.06821,  0.0174714
1.02102, 1.03752,  0.0209983
1.1781, 0.96504,  0.0286789
2.12058, 1.09483,  0.0277498
2.27765, 1.07641,  0.017534
2.43473, 1.09583,  0.0134047
2.59181, 1.08803,  0.0112726
2.74889, 1.09229,  0.0107879
2.90597, 1.06313,  0.0108997
3.06305, 1.0873,  0.0113408

10-20%
 B = 0.852366
0.0785398, 0.981877,  0.0104307
0.235619, 0.970283,  0.010636
0.392699, 0.924609,  0.0108003
0.549779, 0.906704,  0.0108609
0.706858, 0.886483,  0.0111122
0.863938, 0.866386,  0.0121876
1.02102, 0.861074,  0.0147972
1.1781, 0.828403,  0.0205387
2.12058, 0.864311,  0.0192074
2.27765, 0.876154,  0.0122873
2.43473, 0.872943,  0.00928885
2.59181, 0.874901,  0.00784132
2.74889, 0.902455,  0.00761285
2.90597, 0.897555,  0.00779169
3.06305, 0.900296,  0.00803645

20-40%
B = 0.496795
0.0785398, 0.601081, 0.00723363
0.235619, 0.598469, 0.00739773
0.392699, 0.562877, 0.00746677
0.549779, 0.541573, 0.00744028
0.706858, 0.514409, 0.00750306
0.863938, 0.499747, 0.0082044
1.02102, 0.49146, 0.00988586
1.1781, 0.464479, 0.0135705
2.12058, 0.491362, 0.0128027
2.27765, 0.527834, 0.0084719
2.43473, 0.522824, 0.00639034
2.59181, 0.528379, 0.00541835
2.74889, 0.545719, 0.00526013
2.90597, 0.53841, 0.0053663
3.06305, 0.560286, 0.0056456

40-60%
 B = 0.200821
0.0785398, 0.269262, 0.00811287
0.235619, 0.272885, 0.00838378
0.392699, 0.246648, 0.0082731
0.549779, 0.242045, 0.00831768
0.706858, 0.199407, 0.0078209
0.863938, 0.206952, 0.0088085
1.02102, 0.213924, 0.0108495
1.1781, 0.181766, 0.0140363
2.12058, 0.184502, 0.0133031
2.27765, 0.224645, 0.0092811
2.43473, 0.232203, 0.00714407
2.59181, 0.223391, 0.00589448
2.74889, 0.229445, 0.00571431
2.90597, 0.242193, 0.00603068
3.06305, 0.236423, 0.00615182

60-90%
 B = 0.0532069
0.0785398, 0.105474, 0.0103329
0.235619, 0.0995976, 0.010487
0.392699, 0.0852973, 0.0106794
0.549779, 0.0653729, 0.00851556
0.706858, 0.0678929, 0.00894475
0.863938, 0.0557638, 0.00901961
1.02102, 0.0312746, 0.00811913
1.1781, 0.038342, 0.0130517
2.12058, 0.0430573, 0.0124895
2.27765, 0.0596983, 0.00941822
2.43473, 0.0697322, 0.00782811
2.59181, 0.0795397, 0.00715297
2.74889, 0.0726434, 0.00637157
2.90597, 0.072618, 0.00673814
3.06305, 0.0768486, 0.00723652
