Npart | Nparte | RaaPhi(6<pT<10GeV/c) | Stat. | Frac.(%) | Syst.(B) | Frac.(%)

0<DeltaPhi<15
325.8 	 3.81 	 0.2123 	 0.002549 	 1.2 	 0.0017 	 0.81
236.1 	 5.517 	 0.3063 	 0.003552 	 1.2 	 0.002 	 0.65
167.6 	 5.811 	 0.4113 	 0.005015 	 1.2 	 0.0031 	 0.74
115.5 	 5.841 	 0.5439 	 0.007235 	 1.3 	 0.0047 	 0.86
76.15 	 5.502 	 0.6809 	 0.0109 	 1.6 	 0.0092 	 1.4
47.07 	 4.726 	 0.8819 	 0.01744 	 2 	 0.016 	 1.8
     
75<DeltaPhi<90
325.8 	 3.81 	 0.1766 	 0.0022 	 1.3 	 0.0018 	 0.99
236.1 	 5.517 	 0.2241 	 0.0029 	 1.3 	 0.0021 	 0.93
167.6 	 5.811 	 0.2821 	 0.0039 	 1.4 	 0.0031 	 1.1
115.5 	 5.841 	 0.3308 	 0.0053 	 1.6 	 0.0046 	 1.4
76.15 	 5.502 	 0.4168 	 0.008 	 1.9 	 0.0092 	 2.2
47.07 	 4.726 	 0.4605 	 0.011 	 2.4 	 0.017 	 3.6
