Cent0-10
p_{T} (GeV/c) & Yields & Stat. & Rat.(%) & pT-Corr & Rat.(%) 
5.25 	 8.9688e-05 	 5.6337e-07 	 0.628 	 7.8829e-06 	 8.79
5.75 	 4.3088e-05 	 3.3974e-07 	 0.788 	 3.7871e-06 	 8.79
6.25 	 2.1931e-05 	 2.1602e-07 	 0.985 	 1.9275e-06 	 8.79
6.75 	 1.1896e-05 	 1.4440e-07 	 1.21 	 1.0455e-06 	 8.79
7.25 	 6.7377e-06 	 1.0018e-07 	 1.49 	 5.9219e-07 	 8.79
7.75 	 4.0628e-06 	 7.2470e-08 	 1.78 	 3.5708e-07 	 8.79
8.25 	 2.4566e-06 	 5.2884e-08 	 2.15 	 1.8424e-07 	 7.5
8.75 	 1.5510e-06 	 3.9789e-08 	 2.57 	 1.1633e-07 	 7.5
9.25 	 1.0846e-06 	 3.1187e-08 	 2.88 	 8.2062e-08 	 7.57
9.75 	 6.7983e-07 	 2.3618e-08 	 3.47 	 5.4915e-08 	 8.08
11 	 2.7668e-07 	 6.6585e-09 	 2.41 	 3.0340e-08 	 11
13 	 7.6507e-08 	 3.2876e-09 	 4.3 	 1.3519e-08 	 17.7
15 	 2.6026e-08 	 2.0432e-09 	 7.85 	 6.5442e-09 	 25.1
17 	 1.0306e-08 	 1.4291e-09 	 13.9 	 3.3871e-09 	 32.9
19 	 3.1939e-09 	 1.0100e-09 	 31.6 	 1.2998e-09 	 40.7
  
Cent10-20
p_{T} (GeV/c) & Yields & Stat. & Rat.(%) & pT-Corr & Rat.(%) 
5.25 	 8.0529e-05 	 4.6079e-07 	 0.572 	 7.0779e-06 	 8.79
5.75 	 3.8055e-05 	 2.8164e-07 	 0.74 	 3.3448e-06 	 8.79
6.25 	 1.8819e-05 	 1.8054e-07 	 0.959 	 1.6540e-06 	 8.79
6.75 	 1.0311e-05 	 1.2273e-07 	 1.19 	 9.0626e-07 	 8.79
7.25 	 5.9243e-06 	 8.6818e-08 	 1.47 	 5.2070e-07 	 8.79
7.75 	 3.4688e-06 	 6.2494e-08 	 1.8 	 3.0488e-07 	 8.79
8.25 	 2.1608e-06 	 4.6738e-08 	 2.16 	 1.6206e-07 	 7.5
8.75 	 1.3449e-06 	 3.4631e-08 	 2.57 	 1.0087e-07 	 7.5
9.25 	 8.8438e-07 	 2.6976e-08 	 3.05 	 6.6916e-08 	 7.57
9.75 	 5.8378e-07 	 2.1145e-08 	 3.62 	 4.7157e-08 	 8.08
11 	 2.2996e-07 	 5.8760e-09 	 2.56 	 2.5217e-08 	 11
13 	 6.1407e-08 	 2.9031e-09 	 4.73 	 1.0851e-08 	 17.7
15 	 1.9708e-08 	 1.7253e-09 	 8.75 	 4.9555e-09 	 25.1
17 	 6.9531e-09 	 1.2517e-09 	 18 	 2.2853e-09 	 32.9
19 	 2.4896e-09 	 8.8020e-10 	 35.4 	 1.0132e-09 	 40.7
  
Cent20-30
p_{T} (GeV/c) & Yields & Stat. & Rat.(%) & pT-Corr & Rat.(%) 
5.25 	 6.6929e-05 	 3.8214e-07 	 0.571 	 5.8825e-06 	 8.79
5.75 	 3.0844e-05 	 2.3451e-07 	 0.76 	 2.7110e-06 	 8.79
6.25 	 1.5634e-05 	 1.5293e-07 	 0.978 	 1.3741e-06 	 8.79
6.75 	 8.2313e-06 	 1.0390e-07 	 1.26 	 7.2346e-07 	 8.79
7.25 	 4.6495e-06 	 7.2877e-08 	 1.57 	 4.0865e-07 	 8.79
7.75 	 2.7973e-06 	 5.3702e-08 	 1.92 	 2.4586e-07 	 8.79
8.25 	 1.7050e-06 	 3.9806e-08 	 2.33 	 1.2787e-07 	 7.5
8.75 	 1.0118e-06 	 2.9551e-08 	 2.92 	 7.5886e-08 	 7.5
9.25 	 6.5192e-07 	 2.2768e-08 	 3.49 	 4.9327e-08 	 7.57
9.75 	 4.7618e-07 	 1.8355e-08 	 3.85 	 3.8464e-08 	 8.08
11 	 1.8258e-07 	 5.2041e-09 	 2.85 	 2.0022e-08 	 11
13 	 5.1160e-08 	 2.6177e-09 	 5.12 	 9.0403e-09 	 17.7
15 	 1.6461e-08 	 1.5580e-09 	 9.46 	 4.1391e-09 	 25.1
17 	 3.9990e-09 	 8.7266e-10 	 21.8 	 1.3144e-09 	 32.9
19 	 2.1662e-09 	 8.1875e-10 	 37.8 	 8.8158e-10 	 40.7
  
Cent30-40
p_{T} (GeV/c) & Yields & Stat. & Rat.(%) & pT-Corr & Rat.(%) 
5.25 	 4.9597e-05 	 3.0165e-07 	 0.608 	 4.3591e-06 	 8.79
5.75 	 2.2939e-05 	 1.8939e-07 	 0.826 	 2.0162e-06 	 8.79
6.25 	 1.1943e-05 	 1.2623e-07 	 1.06 	 1.0497e-06 	 8.79
6.75 	 6.2652e-06 	 8.6569e-08 	 1.38 	 5.5066e-07 	 8.79
7.25 	 3.4487e-06 	 6.0807e-08 	 1.76 	 3.0311e-07 	 8.79
7.75 	 2.1188e-06 	 4.4973e-08 	 2.12 	 1.8623e-07 	 8.79
8.25 	 1.2664e-06 	 3.3365e-08 	 2.63 	 9.4977e-08 	 7.5
8.75 	 7.9201e-07 	 2.5431e-08 	 3.21 	 5.9400e-08 	 7.5
9.25 	 4.7334e-07 	 1.9137e-08 	 4.04 	 3.5815e-08 	 7.57
9.75 	 3.0244e-07 	 1.4615e-08 	 4.83 	 2.4431e-08 	 8.08
11 	 1.2965e-07 	 4.3353e-09 	 3.34 	 1.4217e-08 	 11
13 	 3.5372e-08 	 2.1518e-09 	 6.08 	 6.2505e-09 	 17.7
15 	 1.1171e-08 	 1.4617e-09 	 13.1 	 2.8089e-09 	 25.1
17 	 3.1951e-09 	 7.7492e-10 	 24.3 	 1.0501e-09 	 32.9
19 	 1.5310e-09 	 6.8466e-10 	 44.7 	 6.2305e-10 	 40.7
  
Cent40-50
p_{T} (GeV/c) & Yields & Stat. & Rat.(%) & pT-Corr & Rat.(%) 
5.25 	 3.3954e-05 	 2.3479e-07 	 0.691 	 2.9842e-06 	 8.79
5.75 	 1.6121e-05 	 1.5013e-07 	 0.931 	 1.4169e-06 	 8.79
6.25 	 8.3694e-06 	 1.0163e-07 	 1.21 	 7.3560e-07 	 8.79
6.75 	 4.4439e-06 	 7.0292e-08 	 1.58 	 3.9058e-07 	 8.79
7.25 	 2.3969e-06 	 4.9765e-08 	 2.08 	 2.1067e-07 	 8.79
7.75 	 1.4916e-06 	 3.6835e-08 	 2.47 	 1.3110e-07 	 8.79
8.25 	 8.6635e-07 	 2.7118e-08 	 3.13 	 6.4976e-08 	 7.5
8.75 	 5.5778e-07 	 2.0746e-08 	 3.72 	 4.1833e-08 	 7.5
9.25 	 3.4341e-07 	 1.5594e-08 	 4.54 	 2.5984e-08 	 7.57
9.75 	 2.3774e-07 	 1.2585e-08 	 5.29 	 1.9204e-08 	 8.08
11 	 8.3412e-08 	 3.4874e-09 	 4.18 	 9.1468e-09 	 11
13 	 2.3523e-08 	 1.8161e-09 	 7.72 	 4.1567e-09 	 17.7
15 	 4.5444e-09 	 2.5578e-09 	 56.3 	 1.1427e-09 	 25.1
17 	 2.2328e-09 	 6.4455e-10 	 28.9 	 7.3385e-10 	 32.9
19 	 1.5173e-09 	 6.7855e-10 	 44.7 	 6.1749e-10 	 40.7
  
Cent50-60
p_{T} (GeV/c) & Yields & Stat. & Rat.(%) & pT-Corr & Rat.(%) 
5.25 	 2.1474e-05 	 1.8003e-07 	 0.838 	 1.8874e-06 	 8.79
5.75 	 1.0070e-05 	 1.1549e-07 	 1.15 	 8.8511e-07 	 8.79
6.25 	 5.2528e-06 	 7.8868e-08 	 1.5 	 4.6168e-07 	 8.79
6.75 	 2.7852e-06 	 5.4229e-08 	 1.95 	 2.4480e-07 	 8.79
7.25 	 1.5351e-06 	 3.9046e-08 	 2.54 	 1.3493e-07 	 8.79
7.75 	 9.0183e-07 	 2.8486e-08 	 3.16 	 7.9264e-08 	 8.79
8.25 	 5.6282e-07 	 2.2159e-08 	 3.94 	 4.2212e-08 	 7.5
8.75 	 3.3522e-07 	 1.6446e-08 	 4.91 	 2.5141e-08 	 7.5
9.25 	 2.0410e-07 	 1.2729e-08 	 6.24 	 1.5443e-08 	 7.57
9.75 	 1.4587e-07 	 9.9880e-09 	 6.85 	 1.1783e-08 	 8.08
11 	 5.2699e-08 	 2.8136e-09 	 5.34 	 5.7789e-09 	 11
13 	 1.5633e-08 	 1.6567e-09 	 10.6 	 2.7624e-09 	 17.7
15 	 4.3870e-09 	 7.7552e-10 	 17.7 	 1.1031e-09 	 25.1
17 	 9.2881e-10 	 4.1538e-10 	 44.7 	 3.0527e-10 	 32.9
19 	 3.0298e-10 	 3.0298e-10 	 100 	 1.2330e-10 	 40.7
  
Cent60-70
p_{T} (GeV/c) & Yields & Stat. & Rat.(%) & pT-Corr & Rat.(%) 
5.25 	 1.1547e-05 	 1.2864e-07 	 1.11 	 1.0149e-06 	 8.79
5.75 	 5.6498e-06 	 8.4193e-08 	 1.49 	 4.9657e-07 	 8.79
6.25 	 2.7590e-06 	 5.6591e-08 	 2.05 	 2.4249e-07 	 8.79
6.75 	 1.5872e-06 	 4.0483e-08 	 2.55 	 1.3950e-07 	 8.79
7.25 	 8.1970e-07 	 2.7910e-08 	 3.4 	 7.2045e-08 	 8.79
7.75 	 4.8480e-07 	 2.0771e-08 	 4.28 	 4.2610e-08 	 8.79
8.25 	 2.9636e-07 	 1.5517e-08 	 5.24 	 2.2227e-08 	 7.5
8.75 	 1.8626e-07 	 1.2185e-08 	 6.54 	 1.3970e-08 	 7.5
9.25 	 1.0115e-07 	 9.1428e-09 	 9.04 	 7.6531e-09 	 7.57
9.75 	 8.9044e-08 	 8.1172e-09 	 9.12 	 7.1927e-09 	 8.08
11 	 2.7153e-08 	 1.9937e-09 	 7.34 	 2.9775e-09 	 11
13 	 9.2098e-09 	 1.0564e-09 	 11.5 	 1.6274e-09 	 17.7
15 	 3.1295e-09 	 6.5254e-10 	 20.9 	 7.8689e-10 	 25.1
17 	 2.0292e-09 	 6.1184e-10 	 30.2 	 6.6696e-10 	 32.9
19 	 3.0152e-10 	 3.0152e-10 	 100 	 1.2271e-10 	 40.7
  
Cent70-80
p_{T} (GeV/c) & Yields & Stat. & Rat.(%) & pT-Corr & Rat.(%) 
5.25 	 5.4859e-06 	 8.7174e-08 	 1.59 	 4.8216e-07 	 8.79
5.75 	 2.6506e-06 	 5.7248e-08 	 2.16 	 2.3297e-07 	 8.79
6.25 	 1.3305e-06 	 3.8546e-08 	 2.9 	 1.1694e-07 	 8.79
6.75 	 6.9625e-07 	 2.6358e-08 	 3.79 	 6.1195e-08 	 8.79
7.25 	 4.2925e-07 	 2.0255e-08 	 4.72 	 3.7728e-08 	 8.79
7.75 	 2.4038e-07 	 1.5481e-08 	 6.44 	 2.1127e-08 	 8.79
8.25 	 1.4239e-07 	 1.0798e-08 	 7.58 	 1.0680e-08 	 7.5
8.75 	 9.7968e-08 	 8.2504e-09 	 8.42 	 7.3476e-09 	 7.5
9.25 	 5.6286e-08 	 6.5798e-09 	 11.7 	 4.2588e-09 	 7.57
9.75 	 4.0444e-08 	 4.9783e-09 	 12.3 	 3.2669e-09 	 8.08
11 	 1.2124e-08 	 1.2374e-09 	 10.2 	 1.3295e-09 	 11
13 	 4.4482e-09 	 7.3128e-10 	 16.4 	 7.8603e-10 	 17.7
15 	 6.7624e-10 	 3.0243e-10 	 44.7 	 1.7004e-10 	 25.1
17 	 3.6625e-10 	 2.5898e-10 	 70.7 	 1.2038e-10 	 32.9
19 	  0  	  0  	  0  	  0  	  0  	  0  	  0 
  
Cent80-93
p_{T} (GeV/c) & Yields & Stat. & Rat.(%) & pT-Corr & Rat.(%) 
5.25 	 1.7481e-06 	 4.2854e-08 	 2.45 	 1.5365e-07 	 8.79
5.75 	 8.5053e-07 	 2.8207e-08 	 3.32 	 7.4755e-08 	 8.79
6.25 	 4.3444e-07 	 1.9596e-08 	 4.51 	 3.8184e-08 	 8.79
6.75 	 2.4514e-07 	 1.3560e-08 	 5.53 	 2.1546e-08 	 8.79
7.25 	 1.4599e-07 	 1.0224e-08 	 7 	 1.2831e-08 	 8.79
7.75 	 7.7269e-08 	 7.2323e-09 	 9.36 	 6.7913e-09 	 8.79
8.25 	 4.8739e-08 	 5.6114e-09 	 11.5 	 3.6554e-09 	 7.5
8.75 	 2.3739e-08 	 4.4393e-09 	 18.7 	 1.7804e-09 	 7.5
9.25 	 1.5991e-08 	 2.8268e-09 	 17.7 	 1.2099e-09 	 7.57
9.75 	 8.4724e-09 	 1.9970e-09 	 23.6 	 6.8438e-10 	 8.08
11 	 5.0405e-09 	 6.9899e-10 	 13.9 	 5.5273e-10 	 11
13 	 9.2302e-10 	 2.9188e-10 	 31.6 	 1.6310e-10 	 17.7
15 	 1.0384e-10 	 1.0384e-10 	 100 	 2.6109e-11 	 25.1
17 	 1.4071e-10 	 1.4071e-10 	 100 	 4.6247e-11 	 32.9
19 	  0  	  0  	  0  	  0  	  0  	  0  	  0 
  
Cent0-93
p_{T} (GeV/c) & Yields & Stat. & Rat.(%) & pT-Corr & Rat.(%) 
5.25 	 4.0376e-05 	 1.0327e-07 	 0.256 	 3.5487e-06 	 8.79
5.75 	 1.8800e-05 	 6.2823e-08 	 0.334 	 1.6524e-06 	 8.79
6.25 	 9.4645e-06 	 4.0517e-08 	 0.428 	 8.3185e-07 	 8.79
6.75 	 5.0475e-06 	 2.7377e-08 	 0.542 	 4.4363e-07 	 8.79
7.25 	 2.8210e-06 	 1.9172e-08 	 0.68 	 2.4794e-07 	 8.79
7.75 	 1.6876e-06 	 1.3970e-08 	 0.828 	 1.4833e-07 	 8.79
8.25 	 1.0220e-06 	 1.0343e-08 	 1.01 	 7.6649e-08 	 7.5
8.75 	 6.3105e-07 	 7.7628e-09 	 1.23 	 4.7329e-08 	 7.5
9.25 	 4.0748e-07 	 5.9821e-09 	 1.47 	 3.0832e-08 	 7.57
9.75 	 2.7441e-07 	 4.6909e-09 	 1.71 	 2.2166e-08 	 8.08
11 	 1.0729e-07 	 1.3153e-09 	 1.23 	 1.1765e-08 	 11
13 	 2.9684e-08 	 6.5882e-10 	 2.22 	 5.2454e-09 	 17.7
15 	 9.4537e-09 	 3.9716e-10 	 4.2 	 2.3771e-09 	 25.1
17 	 3.2078e-09 	 2.5969e-10 	 8.1 	 1.0543e-09 	 32.9
19 	 1.2240e-09 	 2.0122e-10 	 16.4 	 4.9812e-10 	 40.7
  
Cent0-5
p_{T} (GeV/c) & Yields & Stat. & Rat.(%) & pT-Corr & Rat.(%) 
5.25 	 9.3942e-05 	 8.6757e-07 	 0.924 	 8.2567e-06 	 8.79
5.75 	 4.5241e-05 	 5.1663e-07 	 1.14 	 3.9763e-06 	 8.79
6.25 	 2.2734e-05 	 3.2479e-07 	 1.43 	 1.9981e-06 	 8.79
6.75 	 1.2533e-05 	 2.1669e-07 	 1.73 	 1.1015e-06 	 8.79
7.25 	 6.8618e-06 	 1.4735e-07 	 2.15 	 6.0310e-07 	 8.79
7.75 	 4.1642e-06 	 1.0610e-07 	 2.55 	 3.6600e-07 	 8.79
8.25 	 2.5978e-06 	 7.8155e-08 	 3.01 	 1.9483e-07 	 7.5
8.75 	 1.5449e-06 	 5.7515e-08 	 3.72 	 1.1587e-07 	 7.5
9.25 	 1.1183e-06 	 4.4668e-08 	 3.99 	 8.4616e-08 	 7.57
9.75 	 7.6839e-07 	 3.5421e-08 	 4.61 	 6.2069e-08 	 8.08
11 	 2.8374e-07 	 9.6036e-09 	 3.38 	 3.1114e-08 	 11
13 	 8.6849e-08 	 4.9366e-09 	 5.68 	 1.5347e-08 	 17.7
15 	 2.6588e-08 	 3.0437e-09 	 11.4 	 6.6854e-09 	 25.1
17 	 9.5467e-09 	 1.9487e-09 	 20.4 	 3.1377e-09 	 32.9
19 	 4.4495e-09 	 1.6818e-09 	 37.8 	 1.8108e-09 	 40.7
  
