1.250 8.762835e-01 7.351054e-02 5.495168e-02 3.754106e-02 3.122150e-02
1.750 9.513335e-01 6.310875e-02 3.235748e-02 4.227059e-02 3.389550e-02
2.250 9.954153e-01 6.151653e-02 1.931042e-02 4.640632e-02 3.546610e-02
2.750 1.032214e+00 6.333242e-02 1.634578e-02 4.890039e-02 3.677722e-02
3.250 1.058247e+00 6.618769e-02 1.848092e-02 5.116265e-02 3.770475e-02
3.750 1.071967e+00 9.795226e-02 2.441898e-02 8.683091e-02 3.819361e-02
4.250 1.071659e+00 8.827894e-02 3.143636e-02 7.312328e-02 3.818262e-02
4.750 1.065426e+00 7.183737e-02 1.456558e-02 5.922370e-02 3.796055e-02
5.250 1.034346e+00 6.784195e-02 1.573857e-02 5.474185e-02 3.685319e-02
5.750 1.035006e+00 6.898765e-02 1.819526e-02 5.539258e-02 3.687669e-02
6.250 1.050575e+00 7.155554e-02 2.119191e-02 5.718380e-02 3.743143e-02
6.750 1.033231e+00 7.217029e-02 2.369113e-02 5.737640e-02 3.681345e-02
7.250 1.040357e+00 7.495924e-02 2.754685e-02 5.904294e-02 3.706737e-02
7.750 9.859019e-01 7.557490e-02 3.467162e-02 5.723223e-02 3.512715e-02
8.250 1.032878e+00 8.305548e-02 4.219517e-02 6.134716e-02 3.680089e-02
8.750 9.198547e-01 8.277441e-02 5.151182e-02 5.589280e-02 3.277392e-02
9.250 8.849598e-01 8.272598e-02 5.315273e-02 5.499268e-02 3.153063e-02
9.750 9.175472e-01 9.388223e-02 6.593999e-02 5.828415e-02 3.269171e-02
11.000 9.439587e-01 8.785325e-02 5.078118e-02 6.331117e-02 3.363273e-02
13.000 1.051517e+00 1.268160e-01 9.401693e-02 7.641651e-02 3.746499e-02
15.000 9.751884e-01 1.783029e-01 1.574097e-01 7.620269e-02 3.474543e-02

------------------------

The columns in the table include the following information:

pT ratio Total_error  Stat_error Systematic_error_B Systematic_error_C 

------------------------

The normalization uncertainty on the p+p reference of 9.7 % is not included here

Systematic_error_B can vary with pT and is plotted as boxes around the data points
Systematic_error_C is an overall scaling error of T_AB

