1.250 9.696322e-01 1.176805e-01 5.689771e-02 4.041454e-02 9.475234e-02
1.750 1.012735e+00 1.128737e-01 3.197311e-02 4.386633e-02 9.896432e-02
2.250 1.032930e+00 1.133496e-01 2.110554e-02 4.705568e-02 1.009378e-01
2.750 1.054171e+00 1.173023e-01 2.762316e-02 4.883664e-02 1.030134e-01
3.250 1.075058e+00 1.230159e-01 3.883833e-02 5.087275e-02 1.050545e-01
3.750 1.026055e+00 1.350585e-01 3.719207e-02 8.248810e-02 1.002659e-01
4.250 1.100237e+00 1.385583e-01 4.606223e-02 7.427793e-02 1.075150e-01
4.750 1.056891e+00 1.215977e-01 2.788447e-02 5.780888e-02 1.032792e-01
5.250 1.105050e+00 1.268509e-01 3.361220e-02 5.745023e-02 1.079853e-01
5.750 1.114756e+00 1.302322e-01 4.069850e-02 5.862994e-02 1.089339e-01
6.250 1.147573e+00 1.384363e-01 5.307161e-02 6.142040e-02 1.121407e-01
6.750 1.100002e+00 1.372961e-01 6.068857e-02 6.010457e-02 1.074921e-01
7.250 1.127158e+00 1.513684e-01 8.254050e-02 6.298711e-02 1.101457e-01
7.750 1.112648e+00 1.582476e-01 9.576099e-02 6.364263e-02 1.087279e-01
8.250 1.081442e+00 1.663258e-01 1.117381e-01 6.333197e-02 1.056784e-01
8.750 9.899122e-01 2.039077e-01 1.694079e-01 5.934499e-02 9.673410e-02
9.250 1.055586e+00 1.973470e-01 1.552808e-01 6.475683e-02 1.031517e-01
9.750 1.073999e+00 2.262538e-01 1.887723e-01 6.738760e-02 1.049510e-01
11.000 1.274683e+00 2.175112e-01 1.569901e-01 8.455521e-02 1.245619e-01
13.000 1.340644e+00 3.399292e-01 2.984510e-01 9.651875e-02 1.310076e-01
15.000 1.598798e+00 6.295877e-01 5.971718e-01 1.239246e-01 1.562343e-01

------------------------

The columns in the table include the following information:

pT ratio Total_error  Stat_error Systematic_error_B Systematic_error_C 

------------------------

The normalization uncertainty on the p+p reference of 9.7 % is not included here

Systematic_error_B can vary with pT and is plotted as boxes around the data points
Systematic_error_C is an overall scaling error of T_AB

