PHENIX Pi0 Data Run2 Au+Au yields for 0_100.
For points with no errors given, data value represents 
90\% confidence level upper limit. }
 
pt	 val	 tot_err	 stat_err	syst_err	 
1.25	 1.078E+00 	 1.205E-01 	 11.18 	 3.333E-03 	 0.31 	  1.205E-01 	 11.17
1.75	 1.928E-01 	 2.172E-02 	 11.26 	 6.847E-04 	 0.36 	  2.171E-02 	 11.26
2.25	 4.038E-02 	 4.826E-03 	 11.95 	 1.742E-04 	 0.43 	  4.822E-03 	 11.94
2.75	 9.578E-03 	 1.203E-03 	 12.56 	 5.293E-05 	 0.55 	  1.202E-03 	 12.55
3.25	 2.564E-03 	 3.381E-04 	 13.18 	 1.858E-05 	 0.72 	  3.375E-04 	 13.17
3.75	 8.115E-04 	 1.016E-04 	 12.52 	 7.353E-06 	 0.91 	  1.013E-04 	 12.48
4.25	 2.906E-04 	 3.746E-05 	 12.89 	 3.475E-06 	 1.20 	  3.729E-05 	 12.84
4.75	 1.121E-04 	 1.477E-05 	 13.18 	 1.806E-06 	 1.61 	  1.466E-05 	 13.08
5.25	 4.924E-05 	 6.575E-06 	 13.35 	 1.031E-06 	 2.09 	  6.494E-06 	 13.19
5.75	 2.240E-05 	 3.049E-06 	 13.61 	 4.723E-07 	 2.11 	  3.012E-06 	 13.45
6.25	 1.190E-05 	 1.672E-06 	 14.05 	 2.909E-07 	 2.44 	  1.647E-06 	 13.83
6.75	 5.970E-06 	 8.714E-07 	 14.60 	 1.943E-07 	 3.25 	  8.494E-07 	 14.23
7.25	 3.246E-06 	 4.925E-07 	 15.17 	 1.273E-07 	 3.92 	  4.758E-07 	 14.65
7.75	 1.715E-06 	 2.807E-07 	 16.37 	 9.049E-08 	 5.28 	  2.658E-07 	 15.49
8.50	 8.583E-07 	 1.343E-07 	 15.65 	 3.892E-08 	 4.53 	  1.285E-07 	 14.98
9.50	 3.078E-07 	 5.562E-08 	 18.07 	 2.351E-08 	 7.64 	  5.041E-08 	 16.38
11.00	 9.178E-08 	 1.616E-08 	 17.61 	 7.770E-09 	 8.47 	  1.417E-08 	 15.44
13.00	 2.380E-08 	 5.425E-09 	 22.79 	 3.856E-09 	 16.20 	  3.816E-09 	 16.03
PHENIX Pi0 Data Run2 Au+Au yields for 0_10.
For points with no errors given, data value represents 
90\% confidence level upper limit. }
 
pt	 val	 tot_err	 stat_err	syst_err	 
1.25	 3.314E+00 	 4.034E-01 	 12.17 	 2.518E-02 	 0.76 	  4.026E-01 	 12.15
1.75	 5.981E-01 	 6.802E-02 	 11.37 	 4.946E-03 	 0.83 	  6.784E-02 	 11.34
2.25	 1.208E-01 	 1.452E-02 	 12.02 	 1.253E-03 	 1.04 	  1.447E-02 	 11.98
2.75	 2.718E-02 	 3.541E-03 	 13.03 	 3.744E-04 	 1.38 	  3.521E-03 	 12.96
3.25	 6.970E-03 	 9.833E-04 	 14.11 	 1.270E-04 	 1.82 	  9.751E-04 	 13.99
3.75	 2.158E-03 	 2.727E-04 	 12.63 	 4.713E-05 	 2.18 	  2.686E-04 	 12.44
4.25	 7.185E-04 	 9.589E-05 	 13.35 	 2.133E-05 	 2.97 	  9.349E-05 	 13.01
4.75	 2.715E-04 	 3.730E-05 	 13.74 	 1.063E-05 	 3.92 	  3.575E-05 	 13.17
5.25	 1.288E-04 	 1.802E-05 	 13.99 	 5.931E-06 	 4.61 	  1.702E-05 	 13.21
5.75	 5.417E-05 	 8.158E-06 	 15.06 	 2.606E-06 	 4.81 	  7.731E-06 	 14.27
6.25	 2.940E-05 	 4.393E-06 	 14.94 	 1.560E-06 	 5.31 	  4.106E-06 	 13.97
6.75	 1.280E-05 	 2.144E-06 	 16.75 	 9.501E-07 	 7.43 	  1.922E-06 	 15.02
7.25	 7.641E-06 	 1.399E-06 	 18.31 	 6.459E-07 	 8.45 	  1.241E-06 	 16.24
7.75	 4.630E-06 	 8.841E-07 	 19.09 	 4.668E-07 	 10.08 	  7.508E-07 	 16.22
8.50	 1.883E-06 	 3.531E-07 	 18.76 	 1.809E-07 	 9.61 	  3.033E-07 	 16.11
9.50	 1.057E-06 	 2.332E-07 	 22.06 	 1.276E-07 	 12.07 	  1.952E-07 	 18.47
11.00	 2.777E-07 	 7.095E-08 	 25.55 	 4.274E-08 	 15.39 	  5.664E-08 	 20.39
13.00	 5.941E-08 	 1.704E-08 	 28.68 	 1.222E-08 	 20.57 	  1.187E-08 	 19.98
PHENIX Pi0 Data Run2 Au+Au yields for 10_20.
For points with no errors given, data value represents 
90\% confidence level upper limit. }
 
pt	 val	 tot_err	 stat_err	syst_err	 
1.25	 2.054E+00 	 2.659E-01 	 12.95 	 1.461E-02 	 0.71 	  2.655E-01 	 12.93
1.75	 4.137E-01 	 4.625E-02 	 11.18 	 2.933E-03 	 0.71 	  4.616E-02 	 11.16
2.25	 8.576E-02 	 1.042E-02 	 12.15 	 7.654E-04 	 0.89 	  1.039E-02 	 12.11
2.75	 2.028E-02 	 2.623E-03 	 12.93 	 2.305E-04 	 1.14 	  2.612E-03 	 12.88
3.25	 5.057E-03 	 6.824E-04 	 13.50 	 7.980E-05 	 1.58 	  6.778E-04 	 13.40
3.75	 1.665E-03 	 2.020E-04 	 12.13 	 3.170E-05 	 1.90 	  1.995E-04 	 11.98
4.25	 5.859E-04 	 7.456E-05 	 12.72 	 1.511E-05 	 2.58 	  7.301E-05 	 12.46
4.75	 2.253E-04 	 3.107E-05 	 13.79 	 7.948E-06 	 3.53 	  3.003E-05 	 13.33
5.25	 9.486E-05 	 1.321E-05 	 13.92 	 4.369E-06 	 4.61 	  1.246E-05 	 13.14
5.75	 4.651E-05 	 7.014E-06 	 15.08 	 2.087E-06 	 4.49 	  6.696E-06 	 14.40
6.25	 2.224E-05 	 3.483E-06 	 15.66 	 1.249E-06 	 5.62 	  3.252E-06 	 14.62
6.75	 1.109E-05 	 2.085E-06 	 18.81 	 8.621E-07 	 7.78 	  1.899E-06 	 17.13
7.25	 6.455E-06 	 1.221E-06 	 18.91 	 5.485E-07 	 8.50 	  1.091E-06 	 16.90
7.75	 3.568E-06 	 8.212E-07 	 23.02 	 3.999E-07 	 11.21 	  7.173E-07 	 20.10
8.50	 1.724E-06 	 3.702E-07 	 21.47 	 1.718E-07 	 9.96 	  3.279E-07 	 19.01
9.50	 6.318E-07 	 1.506E-07 	 23.84 	 9.789E-08 	 15.49 	  1.144E-07 	 18.11
11.00	 1.701E-07 	 4.594E-08 	 27.01 	 3.347E-08 	 19.68 	  3.147E-08 	 18.51
PHENIX Pi0 Data Run2 Au+Au yields for 20_30.
For points with no errors given, data value represents 
90\% confidence level upper limit. }
 
pt	 val	 tot_err	 stat_err	syst_err	 
1.25	 1.601E+00 	 1.855E-01 	 11.59 	 9.668E-03 	 0.60 	  1.852E-01 	 11.57
1.75	 2.879E-01 	 3.266E-02 	 11.34 	 1.911E-03 	 0.66 	  3.260E-02 	 11.32
2.25	 6.045E-02 	 7.433E-03 	 12.30 	 5.117E-04 	 0.85 	  7.416E-03 	 12.27
2.75	 1.429E-02 	 1.767E-03 	 12.37 	 1.537E-04 	 1.08 	  1.761E-03 	 12.32
3.25	 3.983E-03 	 5.221E-04 	 13.11 	 5.534E-05 	 1.39 	  5.192E-04 	 13.04
3.75	 1.233E-03 	 1.563E-04 	 12.68 	 2.340E-05 	 1.90 	  1.546E-04 	 12.53
4.25	 4.749E-04 	 6.223E-05 	 13.10 	 1.158E-05 	 2.44 	  6.115E-05 	 12.88
4.75	 1.732E-04 	 2.334E-05 	 13.48 	 5.898E-06 	 3.41 	  2.258E-05 	 13.04
5.25	 7.761E-05 	 1.130E-05 	 14.56 	 3.503E-06 	 4.51 	  1.074E-05 	 13.84
5.75	 3.573E-05 	 5.134E-06 	 14.37 	 1.627E-06 	 4.55 	  4.870E-06 	 13.63
6.25	 1.714E-05 	 2.573E-06 	 15.01 	 9.568E-07 	 5.58 	  2.389E-06 	 13.94
6.75	 9.015E-06 	 1.535E-06 	 17.02 	 6.625E-07 	 7.35 	  1.384E-06 	 15.36
7.25	 5.146E-06 	 9.329E-07 	 18.13 	 4.423E-07 	 8.59 	  8.214E-07 	 15.96
7.75	 2.878E-06 	 6.367E-07 	 22.12 	 3.267E-07 	 11.35 	  5.465E-07 	 18.99
8.50	 1.363E-06 	 2.906E-07 	 21.32 	 1.452E-07 	 10.65 	  2.517E-07 	 18.46
9.50	 6.216E-07 	 1.371E-07 	 22.06 	 8.347E-08 	 13.43 	  1.088E-07 	 17.50
11.00	 1.825E-07 	 4.440E-08 	 24.33 	 2.972E-08 	 16.28 	  3.299E-08 	 18.08
PHENIX Pi0 Data Run2 Au+Au yields for 30_40.
For points with no errors given, data value represents 
90\% confidence level upper limit. }
 
pt	 val	 tot_err	 stat_err	syst_err	 
1.25	 1.040E+00 	 1.245E-01 	 11.97 	 5.648E-03 	 0.54 	  1.244E-01 	 11.96
1.75	 1.754E-01 	 2.004E-02 	 11.43 	 1.100E-03 	 0.63 	  2.001E-02 	 11.41
2.25	 3.833E-02 	 4.577E-03 	 11.94 	 3.102E-04 	 0.81 	  4.567E-03 	 11.91
2.75	 9.610E-03 	 1.179E-03 	 12.27 	 9.930E-05 	 1.03 	  1.175E-03 	 12.23
3.25	 2.670E-03 	 3.532E-04 	 13.23 	 3.764E-05 	 1.41 	  3.512E-04 	 13.15
3.75	 8.612E-04 	 1.110E-04 	 12.88 	 1.667E-05 	 1.94 	  1.097E-04 	 12.74
4.25	 3.270E-04 	 4.264E-05 	 13.04 	 8.158E-06 	 2.49 	  4.185E-05 	 12.80
4.75	 1.252E-04 	 1.679E-05 	 13.41 	 4.421E-06 	 3.53 	  1.619E-05 	 12.94
5.25	 5.266E-05 	 7.915E-06 	 15.03 	 2.822E-06 	 5.36 	  7.394E-06 	 14.04
5.75	 2.761E-05 	 4.069E-06 	 14.74 	 1.348E-06 	 4.88 	  3.839E-06 	 13.90
6.25	 1.189E-05 	 2.112E-06 	 17.77 	 8.138E-07 	 6.85 	  1.949E-06 	 16.39
6.75	 7.115E-06 	 1.332E-06 	 18.72 	 5.804E-07 	 8.16 	  1.198E-06 	 16.84
7.25	 3.705E-06 	 7.417E-07 	 20.02 	 3.972E-07 	 10.72 	  6.264E-07 	 16.91
7.75	 1.898E-06 	 4.175E-07 	 21.99 	 2.549E-07 	 13.42 	  3.307E-07 	 17.42
8.50	 1.168E-06 	 2.358E-07 	 20.18 	 1.301E-07 	 11.13 	  1.967E-07 	 16.83
9.50	 5.043E-07 	 1.272E-07 	 25.23 	 8.312E-08 	 16.48 	  9.634E-08 	 19.10
11.00	 1.541E-07 	 4.002E-08 	 25.98 	 2.748E-08 	 17.83 	  2.910E-08 	 18.89
PHENIX Pi0 Data Run2 Au+Au yields for 40_50.
For points with no errors given, data value represents 
90\% confidence level upper limit. }
 
pt	 val	 tot_err	 stat_err	syst_err	 
1.25	 6.389E-01 	 7.223E-02 	 11.31 	 3.367E-03 	 0.53 	  7.216E-02 	 11.29
1.75	 1.156E-01 	 1.317E-02 	 11.39 	 6.789E-04 	 0.59 	  1.315E-02 	 11.37
2.25	 2.442E-02 	 2.917E-03 	 11.95 	 1.926E-04 	 0.79 	  2.911E-03 	 11.92
2.75	 6.172E-03 	 7.917E-04 	 12.83 	 6.521E-05 	 1.06 	  7.890E-04 	 12.78
3.25	 1.682E-03 	 2.208E-04 	 13.12 	 2.455E-05 	 1.46 	  2.194E-04 	 13.04
3.75	 5.822E-04 	 7.272E-05 	 12.49 	 1.161E-05 	 1.99 	  7.179E-05 	 12.33
4.25	 1.927E-04 	 2.554E-05 	 13.26 	 6.113E-06 	 3.17 	  2.480E-05 	 12.87
4.75	 8.818E-05 	 1.220E-05 	 13.83 	 3.476E-06 	 3.94 	  1.169E-05 	 13.26
5.25	 3.627E-05 	 5.444E-06 	 15.01 	 2.166E-06 	 5.97 	  4.995E-06 	 13.77
5.75	 1.611E-05 	 2.459E-06 	 15.26 	 9.656E-07 	 5.99 	  2.261E-06 	 14.04
6.25	 9.635E-06 	 1.641E-06 	 17.04 	 6.880E-07 	 7.14 	  1.490E-06 	 15.47
6.75	 4.467E-06 	 8.403E-07 	 18.81 	 4.278E-07 	 9.58 	  7.232E-07 	 16.19
7.25	 2.044E-06 	 4.111E-07 	 20.12 	 2.585E-07 	 12.65 	  3.197E-07 	 15.64
7.75	 1.363E-06 	 3.625E-07 	 26.60 	 2.198E-07 	 16.13 	  2.882E-07 	 21.15
8.50	 7.878E-07 	 1.761E-07 	 22.35 	 1.056E-07 	 13.41 	  1.409E-07 	 17.88
9.50	 2.197E-07 	 7.509E-08 	 34.17 	 5.630E-08 	 25.62 	  4.969E-08 	 22.61
11.00	 1.053E-07 	 3.111E-08 	 29.55 	 2.280E-08 	 21.66 	  2.116E-08 	 20.10
PHENIX Pi0 Data Run2 Au+Au yields for 50_60.
For points with no errors given, data value represents 
90\% confidence level upper limit. }
 
pt	 val	 tot_err	 stat_err	syst_err	 
1.25	 3.593E-01 	 4.027E-02 	 11.21 	 1.941E-03 	 0.54 	  4.022E-02 	 11.19
1.75	 6.197E-02 	 7.080E-03 	 11.43 	 4.018E-04 	 0.65 	  7.069E-03 	 11.41
2.25	 1.309E-02 	 1.558E-03 	 11.90 	 1.175E-04 	 0.90 	  1.553E-03 	 11.87
2.75	 3.479E-03 	 4.226E-04 	 12.15 	 4.211E-05 	 1.21 	  4.205E-04 	 12.09
3.25	 1.019E-03 	 1.302E-04 	 12.77 	 1.695E-05 	 1.66 	  1.291E-04 	 12.67
3.75	 3.480E-04 	 4.462E-05 	 12.82 	 8.518E-06 	 2.45 	  4.380E-05 	 12.59
4.25	 1.329E-04 	 1.821E-05 	 13.69 	 4.558E-06 	 3.43 	  1.763E-05 	 13.26
4.75	 4.959E-05 	 6.763E-06 	 13.64 	 2.434E-06 	 4.91 	  6.310E-06 	 12.73
5.25	 2.125E-05 	 3.421E-06 	 16.10 	 1.585E-06 	 7.46 	  3.032E-06 	 14.27
5.75	 9.917E-06 	 1.716E-06 	 17.30 	 7.569E-07 	 7.63 	  1.540E-06 	 15.52
6.25	 6.127E-06 	 1.138E-06 	 18.57 	 5.471E-07 	 8.93 	  9.978E-07 	 16.29
6.75	 3.246E-06 	 6.014E-07 	 18.52 	 3.392E-07 	 10.45 	  4.965E-07 	 15.30
7.25	 1.664E-06 	 3.952E-07 	 23.76 	 2.449E-07 	 14.72 	  3.102E-07 	 18.65
7.75	 1.129E-06 	 2.833E-07 	 25.09 	 1.886E-07 	 16.70 	  2.114E-07 	 18.72
8.50	 3.362E-07 	 9.992E-08 	 29.72 	 7.419E-08 	 22.07 	  6.694E-08 	 19.91
9.50	 1.817E-07 	 5.693E-08 	 31.33 	 4.619E-08 	 25.42 	  3.329E-08 	 18.32
PHENIX Pi0 Data Run2 Au+Au yields for 60_70.
For points with no errors given, data value represents 
90\% confidence level upper limit. }
 
pt	 val	 tot_err	 stat_err	syst_err	 
1.25	 1.731E-01 	 1.988E-02 	 11.49 	 1.121E-03 	 0.65 	  1.985E-02 	 11.47
1.75	 3.022E-02 	 3.432E-03 	 11.36 	 2.288E-04 	 0.76 	  3.425E-03 	 11.33
2.25	 6.567E-03 	 7.804E-04 	 11.88 	 7.011E-05 	 1.07 	  7.773E-04 	 11.84
2.75	 1.644E-03 	 2.073E-04 	 12.61 	 2.565E-05 	 1.56 	  2.057E-04 	 12.51
3.25	 5.255E-04 	 6.782E-05 	 12.91 	 1.158E-05 	 2.20 	  6.682E-05 	 12.72
3.75	 1.801E-04 	 2.338E-05 	 12.99 	 6.044E-06 	 3.36 	  2.259E-05 	 12.54
4.25	 6.986E-05 	 9.786E-06 	 14.01 	 3.184E-06 	 4.56 	  9.254E-06 	 13.25
4.75	 2.312E-05 	 3.504E-06 	 15.15 	 1.631E-06 	 7.06 	  3.101E-06 	 13.41
5.25	 1.156E-05 	 2.066E-06 	 17.87 	 1.145E-06 	 9.90 	  1.720E-06 	 14.87
5.75	 4.884E-06 	 9.088E-07 	 18.61 	 5.045E-07 	 10.33 	  7.560E-07 	 15.48
6.25	 2.690E-06 	 5.642E-07 	 20.98 	 3.650E-07 	 13.57 	  4.303E-07 	 16.00
6.75	 1.822E-06 	 4.291E-07 	 23.54 	 2.658E-07 	 14.58 	  3.369E-07 	 18.48
7.25	 6.281E-07 	 1.892E-07 	 30.13 	 1.480E-07 	 23.57 	  1.178E-07 	 18.76
7.75	 2.446E-07 	 1.177E-07 	 48.11 	 1.082E-07 	 44.22 	  4.632E-08 	 18.94
8.50	 1.417E-07 	 5.236E-08 	 36.94 	 4.482E-08 	 31.62 	  2.707E-08 	 19.10
9.50	 1.094E-07 	 4.382E-08 	 40.07 	 3.843E-08 	 35.14 	  2.106E-08 	 19.26
PHENIX Pi0 Data Run2 Au+Au yields for 70_80.
For points with no errors given, data value represents 
90\% confidence level upper limit. }
 
pt	 val	 tot_err	 stat_err	syst_err	 
1.25	 7.416E-02 	 8.857E-03 	 11.94 	 5.166E-04 	 0.70 	  8.842E-03 	 11.92
1.75	 1.282E-02 	 1.500E-03 	 11.71 	 1.189E-04 	 0.93 	  1.496E-03 	 11.67
2.25	 2.721E-03 	 3.266E-04 	 12.00 	 3.774E-05 	 1.39 	  3.245E-04 	 11.92
2.75	 7.455E-04 	 9.256E-05 	 12.41 	 1.514E-05 	 2.03 	  9.131E-05 	 12.25
3.25	 2.461E-04 	 3.334E-05 	 13.54 	 7.508E-06 	 3.05 	  3.248E-05 	 13.20
3.75	 7.200E-05 	 1.037E-05 	 14.40 	 3.689E-06 	 5.12 	  9.687E-06 	 13.46
4.25	 2.609E-05 	 4.535E-06 	 17.38 	 2.071E-06 	 7.94 	  4.034E-06 	 15.46
4.75	 1.288E-05 	 2.526E-06 	 19.61 	 1.308E-06 	 10.15 	  2.161E-06 	 16.78
5.25	 4.650E-06 	 1.190E-06 	 25.59 	 7.727E-07 	 16.62 	  9.050E-07 	 19.46
5.75	 2.416E-06 	 6.133E-07 	 25.39 	 3.897E-07 	 16.13 	  4.736E-07 	 19.60
6.25	 1.763E-06 	 3.895E-07 	 22.09 	 2.713E-07 	 15.39 	  2.795E-07 	 15.85
6.75	 5.945E-07 	 2.053E-07 	 34.54 	 1.651E-07 	 27.77 	  1.221E-07 	 20.53
7.25	 4.817E-07 	 1.484E-07 	 30.82 	 1.245E-07 	 25.84 	  8.088E-08 	 16.79
7.75	 1.344E-07 	 7.184E-08 	 53.47 	 6.718E-08 	 50.00 	  2.545E-08 	 18.94
8.50	 1.135E-07 	 4.560E-08 	 40.18 	 4.012E-08 	 35.36 	  2.167E-08 	 19.10
PHENIX Pi0 Data Run2 Au+Au yields for 80_92.
For points with no errors given, data value represents 
90\% confidence level upper limit. }
 
pt	 val	 tot_err	 stat_err	syst_err	 
1.25	 3.494E-02 	 4.545E-03 	 13.01 	 6.093E-04 	 1.74 	  4.504E-03 	 12.89
1.75	 6.037E-03 	 7.715E-04 	 12.78 	 1.291E-04 	 2.14 	  7.607E-04 	 12.60
2.25	 1.319E-03 	 1.739E-04 	 13.18 	 3.628E-05 	 2.75 	  1.701E-04 	 12.89
2.75	 3.321E-04 	 4.736E-05 	 14.26 	 1.243E-05 	 3.74 	  4.570E-05 	 13.76
3.25	 1.059E-04 	 1.574E-05 	 14.87 	 5.281E-06 	 4.99 	  1.483E-05 	 14.01
3.75	 3.625E-05 	 5.064E-06 	 13.97 	 2.408E-06 	 6.64 	  4.455E-06 	 12.29
4.25	 1.233E-05 	 2.160E-06 	 17.51 	 1.293E-06 	 10.48 	  1.730E-06 	 14.03
4.75	 6.501E-06 	 1.207E-06 	 18.56 	 7.988E-07 	 12.29 	  9.044E-07 	 13.91
5.25	 3.018E-06 	 6.824E-07 	 22.61 	 5.360E-07 	 17.76 	  4.224E-07 	 13.99
5.75	 1.072E-06 	 2.942E-07 	 27.45 	 2.315E-07 	 21.60 	  1.815E-07 	 16.94
6.25	 3.265E-07 	 1.299E-07 	 39.77 	 1.154E-07 	 35.36 	  5.945E-08 	 18.21
6.75	 2.805E-07 	 1.119E-07 	 39.90 	 9.918E-08 	 35.36 	  5.185E-08 	 18.48
7.25	 2.231E-07 	 9.416E-08 	 42.20 	 8.434E-08 	 37.80 	  4.187E-08 	 18.76
7.75	 8.467E-08 	 5.145E-08 	 60.76 	 4.888E-08 	 57.74 	  1.604E-08 	 18.94
