 1.250  9.966697e-02  9.708942e-03  6.694745e-03  7.031639e-03  7.031639e-03   
 1.750  1.824840e-02  1.382909e-03  6.803422e-04  1.203981e-03  1.203981e-03   
 2.250  4.125295e-03  2.916799e-04  9.117136e-05  2.770649e-04  2.770649e-04   
 2.750  1.112235e-03  7.999377e-05  2.204154e-05  7.689716e-05  7.689716e-05   
 3.250  3.485693e-04  2.618589e-05  8.153347e-06  2.488421e-05  2.488421e-05   
 3.750  1.181620e-04  9.431304e-06  3.633011e-06  8.703489e-06  8.703489e-06   
 4.250  4.328211e-05  3.712204e-06  1.735672e-06  3.281447e-06  3.281447e-06   
 4.750  1.782217e-05  1.474717e-06  2.985710e-07  1.444177e-06  1.444177e-06   
 5.250  7.570282e-06  6.461542e-07  1.506307e-07  6.283516e-07  6.283516e-07   
 5.750  3.607825e-06  3.203608e-07  9.468586e-08  3.060484e-07  3.060484e-07   
 6.250  1.809913e-06  1.644335e-07  4.892833e-08  1.569853e-07  1.569853e-07   
 6.750  9.422802e-07  8.931012e-08  3.174724e-08  8.347701e-08  8.347701e-08   
 7.250  5.241266e-07  5.194122e-08  2.179796e-08  4.714594e-08  4.714594e-08   
 7.750  2.921937e-07  3.042162e-08  1.455509e-08  2.671375e-08  2.671375e-08   
 8.250  1.849332e-07  2.032245e-08  1.086076e-08  1.717690e-08  1.717690e-08   
 8.750  1.150072e-07  1.391988e-08  8.754706e-09  1.082211e-08  1.082211e-08   
 9.250  6.266983e-08  8.318401e-09  5.771579e-09  5.990382e-09  5.990382e-09   
 9.750  4.049291e-08  6.747404e-09  5.454551e-09  3.971817e-09  3.971817e-09   
11.000  1.531019e-08  2.032149e-09  1.315169e-09  1.549181e-09  1.549181e-09   
13.000  4.135557e-09  7.522628e-10  6.054864e-10  4.464141e-10  4.464141e-10   
15.000  1.155217e-09  3.440518e-10  3.184368e-10  1.302677e-10  1.302677e-10  
 

