 1.250  2.267699e-02  2.047561e-03  1.330679e-03  1.556213e-03  1.556213e-03 
 1.750  3.912769e-03  2.788405e-04  1.235303e-04  2.499846e-04  2.499846e-04 
 2.250  8.556920e-04  5.846123e-05  1.748408e-05  5.578550e-05  5.578550e-05 
 2.750  2.274958e-04  1.641112e-05  5.961228e-06  1.529014e-05  1.529014e-05 
 3.250  7.028557e-05  5.500420e-06  2.539188e-06  4.879256e-06  4.879256e-06 
 3.750  2.292555e-05  1.880354e-06  8.309974e-07  1.686765e-06  1.686765e-06 
 4.250  9.277122e-06  8.044870e-07  3.883937e-07  7.045208e-07  7.045208e-07 
 4.750  3.648046e-06  3.049845e-07  9.624821e-08  2.893990e-07  2.893990e-07 
 5.250  1.695402e-06  1.472035e-07  5.156889e-08  1.378750e-07  1.378750e-07 
 5.750  8.183735e-07  7.443337e-08  2.987790e-08  6.817358e-08  6.817358e-08 
 6.250  4.286809e-07  4.153343e-08  1.982512e-08  3.649644e-08  3.649644e-08 
 6.750  2.202535e-07  2.266287e-08  1.215168e-08  1.912962e-08  1.912962e-08 
 7.250  1.264886e-07  1.451850e-08  9.262620e-09  1.117992e-08  1.117992e-08 
 7.750  7.273427e-08  9.075697e-09  6.259934e-09  6.571264e-09  6.571264e-09 
 8.250  4.259676e-08  5.881396e-09  4.401236e-09  3.901273e-09  3.901273e-09 
 8.750  2.420535e-08  4.716060e-09  4.142365e-09  2.254338e-09  2.254338e-09 
 9.250  1.645353e-08  2.874253e-09  2.420378e-09  1.550194e-09  1.550194e-09 
 9.750  1.092741e-08  2.186033e-09  1.920665e-09  1.043929e-09  1.043929e-09 
11.000  4.880093e-09  7.744843e-10  6.010328e-10  4.884522e-10  4.884522e-10 
13.000  1.325804e-09  3.273562e-10  2.951474e-10  1.415983e-10  1.415983e-10 
15.000  4.958959e-10  1.954394e-10  1.852236e-10  6.236005e-11  6.236005e-11
 
