 1.250  6.799519e-02  6.124669e-03  4.307092e-03  4.354369e-03  4.354369e-03 
 1.750  1.244498e-02  8.490370e-04  4.284891e-04  7.329808e-04  7.329808e-04 
 2.250  2.821987e-03  1.819265e-04  6.476020e-05  1.700099e-04  1.700099e-04 
 2.750  7.774608e-04  5.134419e-05  1.665002e-05  4.856957e-05  4.856957e-05 
 3.250  2.391061e-04  1.687860e-05  6.629653e-06  1.552208e-05  1.552208e-05 
 3.750  8.391741e-05  6.478701e-06  3.160488e-06  5.655518e-06  5.655518e-06 
 4.250  3.124081e-05  2.670457e-06  1.543896e-06  2.178927e-06  2.178927e-06 
 4.750  1.318637e-05  1.027640e-06  2.596197e-07  9.943050e-07  9.943050e-07 
 5.250  5.712834e-06  4.614821e-07  1.308190e-07  4.425518e-07  4.425518e-07 
 5.750  2.693141e-06  2.248837e-07  6.886963e-08  2.140786e-07  2.140786e-07 
 6.250  1.391537e-06  1.218834e-07  4.500901e-08  1.132685e-07  1.132685e-07 
 6.750  7.269463e-07  6.646812e-08  2.720272e-08  6.064671e-08  6.064671e-08 
 7.250  4.168788e-07  4.007553e-08  1.851458e-08  3.554235e-08  3.554235e-08 
 7.750  2.183044e-07  2.333241e-08  1.369401e-08  1.889115e-08  1.889115e-08 
 8.250  1.397537e-07  1.802136e-08  1.321277e-08  1.225530e-08  1.225530e-08 
 8.750  8.456551e-08  1.095789e-08  7.902003e-09  7.591682e-09  7.591682e-09 
 9.250  4.785447e-08  6.717411e-09  5.128355e-09  4.338615e-09  4.338615e-09 
 9.750  3.134415e-08  5.001543e-09  4.078662e-09  2.894814e-09  2.894814e-09 
11.000  1.131671e-08  1.578909e-09  1.136025e-09  1.096540e-09  1.096540e-09 
13.000  3.498343e-09  6.801543e-10  5.699376e-10  3.711887e-10  3.711887e-10 
15.000  5.271434e-10  2.245964e-10  2.172487e-10  5.697866e-11  5.697866e-11
 

