Bottom and Charm decay electron differential cross-section [mb(GeV/c)^-2]
pT[GeV/c]      b->e     b->e error      c->e      c->e error

1.1  	    1.05e-05    2.97e-06     0.000284     3.38e-05
1.3  	    7.34e-06    2.12e-06     0.000131     1.30e-05
1.5  	    5.22e-06    1.50e-06     6.26e-05     5.51e-06
1.7  	    3.72e-06    1.04e-06     3.11e-05     2.57e-06
1.9  	    2.65e-06    6.95e-07     1.59e-05     1.30e-06
2.1  	    1.90e-06    4.57e-07     8.41e-06     7.04e-07
2.3  	    1.35e-06    2.96e-07     4.58e-06     3.98e-07
2.5 	    9.69e-07    1.92e-07     2.56e-06     2.32e-07
2.7 	    6.95e-07    1.25e-07     1.48e-06     1.39e-07
2.9 	    5.01e-07    8.31e-08     8.71e-07     8.49e-08
3.1 	    3.62e-07    5.61e-08     5.28e-07     5.35e-08
3.3 	    2.63e-07    3.86e-08     3.29e-07     3.47e-08
3.5   	    1.92e-07    2.71e-08     2.07e-07     2.28e-08
3.7   	    1.40e-07    1.94e-08     1.34e-07     1.54e-08
3.9  	    1.03e-07    1.42e-08     8.81e-08     1.07e-08
4.25 	    6.20e-08    8.54e-09     4.51e-08     6.06e-09
4.75 	    2.99e-08    4.28e-09     1.83e-08     2.90e-09
5.5   	    1.11e-08    1.73e-09     5.82e-09     1.12e-09
6.5   	    3.04e-09    5.68e-10     1.42e-09     3.37e-10
7.5   	    9.20e-10    2.08e-10     4.29e-10     1.16e-10
8.5   	    3.03e-10    8.22e-11     1.51e-10     4.39e-11



Bottom and Charm hadron differential cross-section [mb(GeV/c)^-2]
pT[GeV/c]  b-had  b-had stat-error      c-had       c-had stat-error

1.25  	  0.000105    6.19e-05         0.0438       0.0103
1.75   	  8.74e-05    4.41e-05         0.0206       0.00332
2.25   	  7.01e-05    2.95e-05         0.00889      0.00106
2.75   	  5.36e-05    1.88e-05         0.00367      0.000386
3.25   	  3.96e-05    1.15e-05         0.00148      0.000160
3.75   	  2.85e-05    6.87e-06         0.000604     7.25e-05
4.25   	  2.01e-05    4.26e-06         0.000260     3.32e-05
4.75   	  1.39e-05    2.60e-06         0.000121     1.55e-05
5.5    	  7.92e-06    1.33e-06         4.29e-05     5.70e-06
6.5    	  3.65e-06    5.72e-07         1.14e-05     1.84e-06
7.5   	  1.65e-06    2.62e-07         3.63e-06     7.54e-07
8.5   	  7.60e-07    1.33e-07         1.40e-06     3.59e-07
10.5   	  1.96e-07    4.24e-08         3.38e-07     1.04e-07
13.5   	  2.48e-08    7.94e-09         4.80e-08     1.74e-08
17.5   	  2.75e-09    1.30e-09         6.90e-09     2.87e-09


Bottom-Electron Fraction (b->e/[b->e + c->e])
pT[GeV/c]  bfrac       bfrac uncertainty

1.1        0.0353         0.0118
1.3   	   0.0529         0.0175
1.5 	   0.0767 	  0.0247
1.7  	   0.107          0.0326
1.9 	   0.143       	  0.0405
2.1	   0.184      	  0.0472
2.3 	   0.229	  0.0522
2.5  	   0.275	  0.0556
2.7  	   0.321   	  0.0575
2.9 	   0.367	  0.0581
3.1 	   0.409   	  0.0581
3.3  	   0.446          0.0579
3.5 	   0.482       	  0.0581
3.7 	   0.513      	  0.0588
3.9  	   0.541     	  0.0598
4.25 	   0.580	  0.0616
4.75 	   0.621   	  0.0657
5.5 	   0.655	  0.0708
6.5	   0.681   	  0.0784
7.5 	   0.681          0.0881
8.5  	   0.667       	  0.0992
