In figure: the filled circles show the dijet correlation function J(DeltaPhi) and the
boxes around them the point-to-point systematic errors.
In table below: the first row lists the DeltaPhi values, the second row lists the J(DeltaPhi)
values, the third row lists the statistical errors, the fourth row lists the point-to-point
systematic errors from +1 sigma v_2 variation, and the fifth row lists the point-to-point
systematic errors from -1 sigma v_2 variation:

Au+Au 200GeV 5-10% (left panel, 1st row):
 0.0785 0.2356 0.3926 0.5497 0.7068 0.8639 1.0210 1.1781 1.3351 1.4922 1.6493 1.8064 1.9635 2.1205 2.2776 2.4347 2.5918 2.7488 2.9059 3.0630
 0.0322 0.0275 0.0228 0.0138 0.0067 0.0031-0.0004 0.0015 0.0026 0.0055 0.0114 0.0147 0.0159 0.0157 0.0153 0.0136 0.0125 0.0106 0.0094 0.0080
 0.0004 0.0004 0.0004 0.0004 0.0005 0.0005 0.0005 0.0006 0.0007 0.0008 0.0007 0.0007 0.0006 0.0005 0.0005 0.0005 0.0004 0.0004 0.0004 0.0004
 0.0020 0.0018 0.0016 0.0012 0.0009 0.0004 0.0001-0.0002-0.0005-0.0006-0.0005-0.0004-0.0002 0.0001 0.0004 0.0008 0.0012 0.0015 0.0018 0.0019
-0.0020-0.0017-0.0016-0.0012-0.0009-0.0004-0.0001 0.0002 0.0005 0.0006 0.0005 0.0004 0.0002 0.0000-0.0004-0.0008-0.0012-0.0016-0.0018-0.0019

Au+Au 200GeV 60-90% (right panel, 1st row):
 0.0785 0.2356 0.3926 0.5497 0.7068 0.8639 1.0210 1.1781 1.3351 1.4922 1.6493 1.8064 1.9635 2.1205 2.2776 2.4347 2.5918 2.7488 2.9059 3.0630
 0.3536 0.2879 0.1881 0.1136 0.0618 0.0233 0.0102-0.0034-0.0055-0.0099 0.0046 0.0267 0.0417 0.0595 0.0939 0.1083 0.1291 0.1500 0.1677 0.1765
 0.0029 0.0029 0.0029 0.0031 0.0032 0.0034 0.0037 0.0041 0.0047 0.0049 0.0048 0.0045 0.0041 0.0037 0.0035 0.0033 0.0031 0.0031 0.0030 0.0030
 0.0075 0.0070 0.0062 0.0050 0.0037 0.0023 0.0010-0.0001-0.0008-0.0013-0.0013-0.0008-0.0001 0.0010 0.0023 0.0037 0.0050 0.0062 0.0071 0.0075
-0.0075-0.0071-0.0062-0.0050-0.0036-0.0022-0.0010 0.0002 0.0009 0.0013 0.0013 0.0009 0.0002-0.0009-0.0022-0.0036-0.0050-0.0062-0.0070-0.0074

Au+Au 62.4GeV 0-10% (left panel, 2nd row):
 0.0872 0.2617 0.4363 0.6108 0.7853 0.9599 1.1344 1.3090 1.4835 1.6580 1.8326 2.0071 2.1816 2.3561 2.5307 2.7052 2.8797 3.0543
 0.0200 0.0184 0.0099 0.0070 0.0042-0.0026 0.0019-0.0023 0.0097 0.0094 0.0117 0.0139 0.0122 0.0122 0.0118 0.0142 0.0084 0.0084
 0.0020 0.0021 0.0022 0.0024 0.0026 0.0029 0.0033 0.0038 0.0042 0.0041 0.0038 0.0033 0.0029 0.0027 0.0024 0.0023 0.0022 0.0022
 0.0022 0.0020 0.0017 0.0012 0.0007 0.0011 0.0002-0.0005-0.0008-0.0007-0.0006-0.0002 0.0002 0.0008 0.0012 0.0017 0.0021 0.0022
-0.0021-0.0020-0.0016-0.0011-0.0007-0.0010-0.0004 0.0006 0.0008 0.0008 0.0006 0.0003-0.0001-0.0007-0.0012-0.0016-0.0020-0.0022

Au+Au 62.4GeV 40-80% (right panel, 2nd row):
 0.0872 0.2617 0.4363 0.6108 0.7853 0.9599 1.1344 1.3090 1.4835 1.6580 1.8326 2.0071 2.1816 2.3561 2.5307 2.7052 2.8797 3.0543
 0.0702 0.0597 0.0331 0.0366 0.0120 0.0181-0.0044-0.0029 0.0064 0.0264 0.0324 0.0435 0.0705 0.0771 0.0476 0.0728 0.0558 0.0646
 0.0099 0.0101 0.0105 0.0113 0.0121 0.0133 0.0148 0.0171 0.0187 0.0186 0.0172 0.0152 0.0138 0.0126 0.0115 0.0112 0.0108 0.0108
 0.0153 0.0147 0.0120 0.0086 0.0050-0.0024 0.0004-0.0008-0.0014-0.0014-0.0008 0.0004 0.0024 0.0053 0.0086 0.0119 0.0148 0.0163
-0.0165-0.0149-0.0121-0.0084-0.0050-0.0022-0.0003 0.0010 0.0014 0.0014 0.0007-0.0002-0.0022-0.0050-0.0084-0.0119-0.0148-0.0165

Cu+Cu 200GeV 0-10% (left panel, 3rd row):
 0.0872 0.2617 0.4363 0.6108 0.7853 0.9599 1.1344 1.3090 1.4835 1.6580 1.8326 2.0071 2.1816 2.3561 2.5307 2.7052 2.8797 3.0543
 0.0637 0.0459 0.0225 0.0141 0.0027 0.0040 0.0032-0.0048 0.0110 0.0125 0.0210 0.0186 0.0161 0.0203 0.0223 0.0126 0.0028 0.0157
 0.0033 0.0034 0.0036 0.0039 0.0041 0.0044 0.0049 0.0055 0.0059 0.0058 0.0054 0.0049 0.0045 0.0042 0.0039 0.0037 0.0036 0.0036
 0.0040 0.0036 0.0026 0.0014 0.0001-0.0015-0.0028-0.0036-0.0041-0.0042-0.0036-0.0027-0.0014 0.0000 0.0013 0.0026 0.0035 0.0041
-0.0048-0.0042-0.0031-0.0016-0.0001 0.0016 0.0030 0.0041 0.0047 0.0046 0.0041 0.0031 0.0016 0.0000-0.0017-0.0032-0.0042-0.0047

Cu+Cu 200GeV 40-80% (right panel, 3rd row):
 0.0872 0.2617 0.4363 0.6108 0.7853 0.9599 1.1344 1.3090 1.4835 1.6580 1.8326 2.0071 2.1816 2.3561 2.5307 2.7052 2.8797 3.0543
 0.2947 0.2229 0.1181 0.0532 0.0316 0.0183 0.0209-0.0148-0.0033 0.0197 0.0207 0.0342 0.0397 0.0567 0.0754 0.0828 0.0966 0.1143
 0.0114 0.0114 0.0115 0.0118 0.0125 0.0131 0.0144 0.0159 0.0170 0.0170 0.0158 0.0145 0.0133 0.0127 0.0119 0.0116 0.0113 0.0114
 0.0261 0.0230 0.0171 0.0090 0.0000-0.0091-0.0171-0.0230-0.0262-0.0262-0.0230-0.0171-0.0091 0.0000 0.0091 0.0171 0.0230 0.0262
-0.0308-0.0359-0.0266-0.0142 0.0000 0.0141 0.0266 0.0358 0.0407 0.0408 0.0358 0.0266 0.0142 0.0000-0.0142-0.0266-0.0358-0.0408

Cu+Cu 62.4GeV 0-10% (left panel, 4th row):
 0.0872 0.2617 0.4363 0.6108 0.7853 0.9599 1.1344 1.3090 1.4835 1.6580 1.8326 2.0071 2.1816 2.3561 2.5307 2.7052 2.8797 3.0543
 0.0448 0.0352 0.0246 0.0161 0.0072-0.0056-0.0001 0.0130 0.0132 0.0211 0.0248 0.0361 0.0317 0.0299 0.0310 0.0261 0.0249 0.0258
 0.0030 0.0032 0.0034 0.0037 0.0040 0.0042 0.0047 0.0053 0.0057 0.0056 0.0052 0.0047 0.0043 0.0040 0.0037 0.0036 0.0034 0.0034
 0.0047 0.0043 0.0036 0.0026 0.0015 0.0004-0.0007-0.0014-0.0018-0.0018-0.0014-0.0007 0.0003 0.0014 0.0026 0.0036 0.0043 0.0048
-0.0045-0.0041-0.0034-0.0024-0.0012-0.0001 0.0009 0.0016 0.0020 0.0020 0.0016 0.0009-0.0001-0.0013-0.0024-0.0034-0.0041-0.0045

Cu+Cu 62.4GeV 40-80% (right panel, 4th row):
 0.0872 0.2617 0.4363 0.6108 0.7853 0.9599 1.1344 1.3090 1.4835 1.6580 1.8326 2.0071 2.1816 2.3561 2.5307 2.7052 2.8797 3.0543
 0.2132 0.1991 0.0996 0.0435 0.0004-0.0120 0.0142 0.0253 0.0363 0.1000 0.0786 0.0754 0.1004 0.1624 0.1947 0.1911 0.2103 0.2362
 0.0106 0.0110 0.0115 0.0121 0.0126 0.0134 0.0149 0.0170 0.0183 0.0185 0.0170 0.0154 0.0143 0.0137 0.0130 0.0124 0.0121 0.0122
 0.0104 0.0096 0.0079 0.0057 0.0031 0.0006-0.0017-0.0034-0.0042-0.0042-0.0034-0.0017 0.0006 0.0031 0.0057 0.0079 0.0095 0.0104
-0.0101-0.0091-0.0074-0.0052-0.0026 0.0000 0.0022 0.0038 0.0047 0.0047 0.0038 0.0021 0.0000-0.0027-0.0052-0.0074-0.0092-0.0101
