Heavy Flavor electron R_AA, various centrality bins. 
p_T is in units of GeV/c.


0-10% centrality

p_T         R_AA         stat. error (+)    stat error (-)    sys. error (+)    sys. error (-)
0.35         1.083e+00        5.295e-01         2.721e-01        4.367e-01         4.031e-01
0.45         1.181e+00        4.647e-01         2.640e-01        4.371e-01         4.072e-01
0.55         1.144e+00        3.356e-01         2.153e-01        3.182e-01         2.978e-01
0.65         1.175e+00        3.360e-01         2.183e-01        2.956e-01         2.774e-01
0.75         1.000e+00        2.172e-01         1.555e-01        1.798e-01         1.701e-01
0.85         1.074e+00        2.404e-01         1.710e-01        1.782e-01         1.691e-01
0.95         1.013e+00        2.031e-01         1.498e-01        1.418e-01         1.353e-01
1.10         9.364e-01        1.316e-01         1.059e-01        1.186e-01         1.138e-01
1.30         1.135e+00        2.289e-01         1.642e-01        1.364e-01         1.299e-01
1.50         1.002e+00        2.349e-01         1.608e-01        1.148e-01         1.100e-01
1.70         8.706e-01        1.385e-02         1.385e-02        1.812e-01         1.648e-01
1.90         8.079e-01        1.420e-02         1.420e-02        1.647e-01         1.491e-01
2.10         7.291e-01        1.504e-02         1.504e-02        1.459e-01         1.315e-01
2.30         6.883e-01        1.662e-02         1.662e-02        1.342e-01         1.203e-01
2.50         6.420e-01        1.829e-02         1.829e-02        1.237e-01         1.105e-01
2.70         6.184e-01        2.067e-02         2.067e-02        1.146e-01         1.013e-01
2.90         5.828e-01        2.310e-02         2.310e-02        1.071e-01         9.442e-02
3.10         4.838e-01        2.536e-02         2.514e-02        9.009e-02         7.975e-02
3.30         4.970e-01        2.910e-02         2.881e-02        9.071e-02         7.985e-02
3.50         4.637e-01        3.289e-02         3.249e-02        8.467e-02         7.453e-02
3.70         4.885e-01        3.772e-02         3.720e-02        8.718e-02         7.622e-02
3.90         4.833e-01        4.387e-02         4.314e-02        8.596e-02         7.508e-02
4.25         3.623e-01        3.128e-02         3.082e-02        6.620e-02         5.829e-02
4.75         2.708e-01        3.970e-02         3.880e-02        5.152e-02         4.587e-02
5.50         2.493e-01        5.129e-02         4.945e-02        4.938e-02         4.441e-02
6.50         8.606e-02        7.878e-02         5.879e-02        2.576e-02         2.466e-02
7.50         5.139e-01        2.491e-01         1.683e-01        9.174e-02         8.021e-02
8.50         4.596e-01        4.117e-01         2.184e-01        9.765e-02         8.917e-02



10-20% centrality

p_T         R_AA         stat. error (+)    stat error (-)    sys. error (+)    sys. error (-)
0.35         9.724e-01        4.763e-01         2.461e-01        3.661e-01         3.336e-01
0.45         1.046e+00        4.130e-01         2.360e-01        3.618e-01         3.333e-01
0.55         1.094e+00        3.220e-01         2.075e-01        2.923e-01         2.719e-01
0.65         1.123e+00        3.225e-01         2.108e-01        2.715e-01         2.534e-01
0.75         1.006e+00        2.197e-01         1.582e-01        1.769e-01         1.669e-01
0.85         1.192e+00        2.675e-01         1.907e-01        1.952e-01         1.850e-01
0.95         9.816e-01        1.991e-01         1.482e-01        1.343e-01         1.279e-01
1.10         9.760e-01        1.389e-01         1.124e-01        1.211e-01         1.159e-01
1.30         1.215e+00        2.453e-01         1.761e-01        1.476e-01         1.407e-01
1.50         1.067e+00        2.505e-01         1.715e-01        1.213e-01         1.162e-01
1.70         9.745e-01        1.658e-02         1.658e-02        1.998e-01         1.811e-01
1.90         9.247e-01        1.745e-02         1.745e-02        1.852e-01         1.670e-01
2.10         8.675e-01        1.901e-02         1.901e-02        1.697e-01         1.522e-01
2.30         8.606e-01        2.155e-02         2.155e-02        1.626e-01         1.445e-01
2.50         7.780e-01        2.366e-02         2.366e-02        1.469e-01         1.305e-01
2.70         6.999e-01        2.630e-02         2.630e-02        1.287e-01         1.136e-01
2.90         6.385e-01        2.928e-02         2.928e-02        1.167e-01         1.028e-01
3.10         6.427e-01        3.402e-02         3.372e-02        1.154e-01         1.011e-01
3.30         5.670e-01        3.743e-02         3.701e-02        1.022e-01         8.967e-02
3.50         5.882e-01        4.345e-02         4.288e-02        1.044e-01         9.108e-02
3.70         6.649e-01        5.233e-02         5.156e-02        1.152e-01         9.976e-02
3.90         4.189e-01        5.112e-02         5.009e-02        7.678e-02         6.766e-02
4.25         5.177e-01        4.309e-02         4.244e-02        9.095e-02         7.913e-02
4.75         3.892e-01        5.480e-02         5.351e-02        7.016e-02         6.154e-02
5.50         3.144e-01        6.788e-02         6.544e-02        5.988e-02         5.334e-02
6.50         4.500e-01        1.345e-01         1.272e-01        8.072e-02         7.068e-02
7.50         8.393e-01        3.876e-01         2.529e-01        1.424e-01         1.224e-01
8.50         7.034e-01        6.323e-01         3.078e-01        1.401e-01         1.261e-01



20-40% centrality

p_T         R_AA         stat. error (+)    stat error (-)    sys. error (+)    sys. error (-)
0.35         7.650e-01        3.759e-01         1.959e-01        2.820e-01         2.559e-01
0.45         9.792e-01        3.868e-01         2.214e-01        3.215e-01         2.932e-01
0.55         9.469e-01        2.797e-01         1.810e-01        2.427e-01         2.242e-01
0.65         1.214e+00        3.480e-01         2.268e-01        2.894e-01         2.695e-01
0.75         9.706e-01        2.123e-01         1.531e-01        1.700e-01         1.603e-01
0.85         1.227e+00        2.750e-01         1.958e-01        1.969e-01         1.861e-01
0.95         9.557e-01        1.943e-01         1.449e-01        1.323e-01         1.261e-01
1.10         1.056e+00        1.493e-01         1.205e-01        1.294e-01         1.237e-01
1.30         1.290e+00        2.605e-01         1.871e-01        1.510e-01         1.434e-01
1.50         1.171e+00        2.749e-01         1.883e-01        1.327e-01         1.270e-01
1.70         1.084e+00        1.808e-02         1.808e-02        2.247e-01         2.042e-01
1.90         1.027e+00        1.893e-02         1.893e-02        2.094e-01         1.896e-01
2.10         9.806e-01        2.047e-02         2.047e-02        1.947e-01         1.752e-01
2.30         9.301e-01        2.273e-02         2.273e-02        1.796e-01         1.605e-01
2.50         8.907e-01        2.539e-02         2.539e-02        1.705e-01         1.521e-01
2.70         8.457e-01        2.838e-02         2.838e-02        1.555e-01         1.372e-01
2.90         8.205e-01        3.243e-02         3.243e-02        1.487e-01         1.307e-01
3.10         7.855e-01        3.684e-02         3.684e-02        1.414e-01         1.240e-01
3.30         7.500e-01        4.174e-02         4.134e-02        1.342e-01         1.174e-01
3.50         6.768e-01        4.627e-02         4.573e-02        1.212e-01         1.061e-01
3.70         7.264e-01        5.442e-02         5.370e-02        1.273e-01         1.107e-01
3.90         5.866e-01        5.726e-02         5.632e-02        1.055e-01         9.244e-02
4.25         5.797e-01        4.544e-02         4.482e-02        1.024e-01         8.919e-02
4.75         5.255e-01        5.960e-02         5.843e-02        9.285e-02         8.093e-02
5.50         4.009e-01        7.313e-02         7.080e-02        7.518e-02         6.668e-02
6.50         4.365e-01        1.316e-01         1.247e-01        8.011e-02         7.063e-02
7.50         2.748e-01        2.802e-01         1.617e-01        5.653e-02         5.128e-02
8.50         4.538e-01        5.419e-01         2.583e-01        9.846e-02         9.028e-02



40-60% centrality

p_T         R_AA         stat. error (+)    stat error (-)    sys. error (+)    sys. error (-)
0.35         7.272e-01        3.651e-01         2.005e-01        3.231e-01         3.028e-01
0.45         1.042e+00        4.178e-01         2.460e-01        3.389e-01         3.085e-01
0.55         1.169e+00        3.509e-01         2.320e-01        2.991e-01         2.763e-01
0.65         1.102e+00        3.277e-01         2.233e-01        2.620e-01         2.439e-01
0.75         9.892e-01        2.284e-01         1.720e-01        1.805e-01         1.711e-01
0.85         1.254e+00        2.940e-01         2.177e-01        2.012e-01         1.902e-01
0.95         1.167e+00        2.489e-01         1.921e-01        1.589e-01         1.513e-01
1.10         1.089e+00        1.684e-01         1.409e-01        1.377e-01         1.321e-01
1.30         1.491e+00        3.016e-01         2.168e-01        1.830e-01         1.746e-01
1.50         1.396e+00        3.279e-01         2.249e-01        1.532e-01         1.463e-01
1.70         1.217e+00        2.790e-02         2.790e-02        2.565e-01         2.338e-01
1.90         1.188e+00        3.113e-02         3.113e-02        2.446e-01         2.219e-01
2.10         1.166e+00        3.565e-02         3.565e-02        2.331e-01         2.101e-01
2.30         1.145e+00        4.148e-02         4.148e-02        2.220e-01         1.987e-01
2.50         1.130e+00        4.778e-02         4.778e-02        2.158e-01         1.923e-01
2.70         9.929e-01        5.335e-02         5.335e-02        1.864e-01         1.653e-01
2.90         8.807e-01        6.012e-02         5.950e-02        1.660e-01         1.475e-01
3.10         1.038e+00        7.321e-02         7.236e-02        1.854e-01         1.621e-01
3.30         8.493e-01        7.998e-02         7.876e-02        1.556e-01         1.371e-01
3.50         8.543e-01        9.194e-02         9.030e-02        1.539e-01         1.349e-01
3.70         1.006e+00        1.107e-01         1.085e-01        1.748e-01         1.515e-01
3.90         7.662e-01        1.158e-01         1.129e-01        1.379e-01         1.209e-01
4.25         8.116e-01        9.274e-02         9.091e-02        1.415e-01         1.228e-01
4.75         9.030e-01        1.332e-01         1.296e-01        1.538e-01         1.324e-01
5.50         5.820e-01        1.520e-01         1.449e-01        1.065e-01         9.386e-02
6.50         7.747e-01        3.276e-01         2.405e-01        1.349e-01         1.171e-01
7.50         2.793e-01        6.236e-01         2.572e-01        6.064e-02         5.560e-02



60-92% centrality

p_T         R_AA         stat. error (+)    stat error (-)    sys. error (+)    sys. error (-)
0.35         1.110e+00        5.688e-01         3.263e-01        4.137e-01         3.762e-01
0.45         8.622e-01        3.795e-01         2.559e-01        3.254e-01         3.040e-01
0.55         1.007e+00        3.387e-01         2.507e-01        2.776e-01         2.594e-01
0.65         1.248e+00        4.049e-01         2.996e-01        2.954e-01         2.749e-01
0.75         9.378e-01        2.639e-01         2.213e-01        1.856e-01         1.773e-01
0.85         8.771e-01        2.780e-01         2.401e-01        1.742e-01         1.680e-01
0.95         1.015e+00        2.769e-01         2.393e-01        1.489e-01         1.427e-01
1.10         1.138e+00        2.216e-01         1.972e-01        1.438e-01         1.379e-01
1.30         1.397e+00        2.841e-01         2.052e-01        1.849e-01         1.777e-01
1.50         1.297e+00        3.067e-01         2.117e-01        1.667e-01         1.613e-01
1.70         1.188e+00        4.643e-02         4.643e-02        2.603e-01         2.391e-01
1.90         1.121e+00        5.430e-02         5.430e-02        2.440e-01         2.238e-01
2.10         8.558e-01        6.060e-02         6.060e-02        1.983e-01         1.839e-01
2.30         8.952e-01        7.380e-02         7.310e-02        1.966e-01         1.806e-01
2.50         9.547e-01        8.836e-02         8.732e-02        2.003e-01         1.824e-01
2.70         8.207e-01        9.929e-02         9.778e-02        1.733e-01         1.581e-01
2.90         7.660e-01        1.138e-01         1.116e-01        1.611e-01         1.468e-01
3.10         9.241e-01        1.397e-01         1.367e-01        1.788e-01         1.598e-01
3.30         7.008e-01        1.514e-01         1.471e-01        1.453e-01         1.320e-01
3.50         7.923e-01        1.783e-01         1.726e-01        1.545e-01         1.385e-01
3.70         9.764e-01        2.188e-01         2.110e-01        1.785e-01         1.572e-01
3.90         7.619e-01        2.364e-01         2.260e-01        1.452e-01         1.293e-01
4.25         6.329e-01        1.730e-01         1.665e-01        1.211e-01         1.080e-01
4.75         2.501e-01        1.922e-01         1.797e-01        6.382e-02         6.003e-02
5.50         1.720e-01        2.894e-01         1.829e-01        5.349e-02         5.137e-02
6.50         5.204e-01        6.858e-01         3.619e-01        1.006e-01         8.989e-02



Minimum-Bias

p_T         R_AA         stat. error (+)    stat error (-)    sys. error (+)    sys. error (-)
0.35         8.741e-01        4.266e-01         2.184e-01        3.191e-01         2.889e-01
0.45         1.008e+00        3.960e-01         2.239e-01        3.432e-01         3.152e-01
0.55         1.013e+00        2.959e-01         1.887e-01        2.652e-01         2.458e-01
0.65         1.100e+00        3.125e-01         2.014e-01        2.642e-01         2.464e-01
0.75         9.341e-01        2.006e-01         1.422e-01        1.636e-01         1.543e-01
0.85         1.094e+00        2.417e-01         1.698e-01        1.771e-01         1.676e-01
0.95         9.491e-01        1.874e-01         1.365e-01        1.297e-01         1.235e-01
1.10         9.442e-01        1.293e-01         1.028e-01        1.169e-01         1.119e-01
1.30         1.063e+00        2.148e-01         1.543e-01        1.352e-01         1.294e-01
1.50         9.661e-01        2.268e-01         1.553e-01        1.156e-01         1.112e-01
1.70         9.109e-01        1.246e-02         1.246e-02        1.933e-01         1.764e-01
1.90         8.554e-01        1.213e-02         1.213e-02        1.784e-01         1.623e-01
2.10         8.004e-01        1.223e-02         1.223e-02        1.629e-01         1.475e-01
2.30         7.792e-01        1.292e-02         1.292e-02        1.532e-01         1.375e-01
2.50         7.473e-01        1.364e-02         1.364e-02        1.445e-01         1.292e-01
2.70         6.899e-01        1.464e-02         1.464e-02        1.297e-01         1.151e-01
2.90         6.473e-01        1.597e-02         1.597e-02        1.207e-01         1.069e-01
3.10         6.228e-01        1.786e-02         1.786e-02        1.147e-01         1.012e-01
3.30         5.836e-01        1.968e-02         1.968e-02        1.071e-01         9.439e-02
3.50         5.589e-01        2.212e-02         2.212e-02        1.021e-01         8.992e-02
3.70         6.181e-01        2.592e-02         2.592e-02        1.097e-01         9.577e-02
3.90         4.933e-01        2.756e-02         2.731e-02        9.034e-02         7.960e-02
4.25         4.735e-01        2.122e-02         2.122e-02        8.546e-02         7.497e-02
4.75         3.949e-01        2.746e-02         2.715e-02        7.235e-02         6.375e-02
5.50         3.068e-01        3.377e-02         3.315e-02        6.032e-02         5.415e-02
6.50         3.103e-01        5.846e-02         5.667e-02        6.056e-02         5.428e-02
7.50         4.680e-01        1.272e-01         1.223e-01        8.556e-02         7.535e-02
8.50         4.215e-01        2.230e-01         1.503e-01        9.417e-02         8.680e-02



