single electron v2 data points (min. bias AuAu collisions; 200 GeV)
 pT [GeV/c] ; v2 ; stat. error ; sys. error 

0.546   0.04012   0.00636   0.01890
0.646   0.04082   0.00712   0.01877
0.746   0.03852   0.00742   0.01683
0.847   0.06255   0.00767   0.01446
0.947   0.06247   0.00861   0.01368
1.088   0.05628   0.00699   0.01179
1.288   0.06979   0.00923   0.01145
1.525   0.09199   0.01027   0.01123
1.828   0.08699   0.01522   0.01069
2.197   0.06919   0.01811   0.00931
2.705   0.07062   0.03077   0.00842
3.245   0.03079   0.04651   0.00789
4.051   0.00986   0.06449   0.00957
