single electron v2 data points (min. bias AuAu collisions; 200 GeV)
 pT [GeV/c] ; v2 ; stat. error ; sys. error 

0.546386   0.0403504   0.00632575  0.0187666
0.645676   0.0412648   0.0070562   0.0185551
0.746343   0.0384053   0.00743852  0.0168755
0.847174   0.0634321   0.00752904  0.0141119
0.947197   0.0632294   0.00848502  0.0134235
1.08757    0.056074    0.0070171   0.0118414
1.28803    0.0715536   0.00895658  0.011042
1.52502    0.0947992   0.00962046  0.0104564
1.8276     0.0869884   0.0152245   0.0106952
2.19729    0.0696583   0.0179929   0.00920886
2.70457    0.0713573   0.0303907   0.00823374
3.24475    0.0322813   0.0457319   0.00747719
4.05063    0.0121829   0.0628655   0.00873202
