Invariant heavy flavor yield, various centrality bins. 
p_T is in units of GeV/c.
The yield and errors are in units of (GeV/c)^-2.


0-10% centrality

p_T         inv. yield         stat. error (+)    stat error (-)    sys. error (+)    sys. error (-)
0.3         3.351e-01        1.635e-02         1.610e-02        6.704e-02         6.600e-02
0.5         1.624e-01        7.051e-03         6.953e-03        2.727e-02         2.688e-02
0.6         8.746e-02        3.591e-03         3.545e-03        1.296e-02         1.280e-02
0.7         4.833e-02        2.146e-03         2.121e-03        6.868e-03         6.788e-03
0.8         2.960e-02        1.310e-03         1.297e-03        3.741e-03         3.701e-03
0.8         1.832e-02        8.655e-04         8.571e-04        2.166e-03         2.145e-03
0.9         1.293e-02        6.127e-04         6.072e-04        1.368e-03         1.356e-03
1.1         6.775e-03        2.743e-04         2.657e-04        7.051e-04         6.831e-04
1.3         3.248e-03        7.079e-05         6.887e-05        4.007e-04         3.899e-04
1.5         1.499e-03        3.094e-05         3.021e-05        1.909e-04         1.864e-04
1.7         6.616e-04        1.052e-05         1.052e-05        9.800e-05         9.800e-05
1.9         3.323e-04        5.841e-06         5.841e-06        4.682e-05         4.682e-05
2.1         1.704e-04        3.514e-06         3.514e-06        2.338e-05         2.338e-05
2.3         9.525e-05        2.299e-06         2.299e-06        1.255e-05         1.255e-05
2.5         5.447e-05        1.552e-06         1.552e-06        6.895e-06         6.895e-06
2.7         3.315e-05        1.108e-06         1.108e-06        4.057e-06         4.057e-06
2.9         2.025e-05        8.025e-07         8.025e-07        2.430e-06         2.430e-06
3.1         1.114e-05        5.839e-07         5.789e-07        1.379e-06         1.379e-06
3.3         7.733e-06        4.528e-07         4.483e-07        9.142e-07         9.142e-07
3.5         4.962e-06        3.520e-07         3.476e-07        5.871e-07         5.871e-07
3.7         3.651e-06        2.819e-07         2.780e-07        4.083e-07         4.083e-07
3.9         2.558e-06        2.322e-07         2.283e-07        2.837e-07         2.837e-07
4.2         1.080e-06        9.325e-08         9.187e-08        1.280e-07         1.280e-07
4.8         3.760e-07        5.510e-08         5.386e-08        4.880e-08         4.880e-08
5.5         1.216e-07        2.503e-08         2.413e-08        1.716e-08         1.716e-08
6.5         1.209e-08        1.107e-08         8.258e-09        3.205e-09         3.205e-09
7.5         2.375e-08        1.151e-08         7.777e-09        2.658e-09         2.658e-09
8.5         7.781e-09        6.969e-09         3.697e-09        1.250e-09         1.250e-09



10-20% centrality

p_T         inv. yield         stat. error (+)    stat error (-)    sys. error (+)    sys. error (-)
0.3         1.904e-01        1.106e-02         1.091e-02        4.481e-02         4.421e-02
0.5         9.111e-02        4.808e-03         4.749e-03        1.790e-02         1.767e-02
0.6         5.293e-02        2.522e-03         2.494e-03        8.572e-03         8.475e-03
0.7         2.922e-02        1.530e-03         1.514e-03        4.550e-03         4.503e-03
0.8         1.884e-02        9.508e-04         9.417e-04        2.474e-03         2.451e-03
0.8         1.287e-02        6.418e-04         6.361e-04        1.468e-03         1.455e-03
0.9         7.928e-03        4.499e-04         4.462e-04        8.768e-04         8.697e-04
1.1         4.470e-03        2.066e-04         2.006e-04        4.686e-04         4.550e-04
1.3         2.202e-03        5.025e-05         4.897e-05        2.500e-04         2.436e-04
1.5         1.011e-03        2.237e-05         2.187e-05        1.157e-04         1.131e-04
1.7         4.688e-04        7.976e-06         7.976e-06        6.731e-05         6.731e-05
1.9         2.407e-04        4.542e-06         4.542e-06        3.266e-05         3.266e-05
2.1         1.283e-04        2.812e-06         2.812e-06        1.675e-05         1.675e-05
2.3         7.538e-05        1.888e-06         1.888e-06        9.241e-06         9.241e-06
2.5         4.179e-05        1.271e-06         1.271e-06        5.040e-06         5.040e-06
2.7         2.375e-05        8.922e-07         8.922e-07        2.858e-06         2.858e-06
2.9         1.404e-05        6.438e-07         6.438e-07        1.665e-06         1.665e-06
3.1         9.367e-06        4.958e-07         4.914e-07        1.064e-06         1.064e-06
3.3         5.585e-06        3.687e-07         3.646e-07        6.411e-07         6.411e-07
3.5         3.984e-06        2.943e-07         2.905e-07        4.390e-07         4.390e-07
3.7         3.145e-06        2.476e-07         2.439e-07        3.249e-07         3.249e-07
3.9         1.403e-06        1.713e-07         1.678e-07        1.676e-07         1.676e-07
4.2         9.767e-07        8.129e-08         8.007e-08        1.049e-07         1.049e-07
4.8         3.419e-07        4.815e-08         4.701e-08        3.923e-08         3.923e-08
5.5         9.711e-08        2.097e-08         2.021e-08        1.264e-08         1.264e-08
6.5         4.001e-08        1.196e-08         1.131e-08        4.533e-09         4.533e-09
7.5         2.455e-08        1.134e-08         7.399e-09        2.385e-09         2.385e-09
8.5         7.537e-09        6.776e-09         3.298e-09        1.074e-09         1.074e-09



20-40% centrality

p_T         inv. yield         stat. error (+)    stat error (-)    sys. error (+)    sys. error (-)
0.3         7.353e-02        5.149e-03         5.087e-03        2.478e-02         2.448e-02
0.5         4.186e-02        2.301e-03         2.276e-03        9.854e-03         9.745e-03
0.6         2.249e-02        1.203e-03         1.190e-03        4.658e-03         4.610e-03
0.7         1.552e-02        7.546e-04         7.475e-04        2.504e-03         2.481e-03
0.8         8.925e-03        4.634e-04         4.594e-04        1.325e-03         1.314e-03
0.8         6.504e-03        3.156e-04         3.130e-04        7.826e-04         7.763e-04
0.9         3.790e-03        2.208e-04         2.192e-04        4.661e-04         4.626e-04
1.1         2.375e-03        1.026e-04         9.979e-05        2.508e-04         2.440e-04
1.3         1.147e-03        2.768e-05         2.702e-05        1.260e-04         1.231e-04
1.5         5.447e-04        1.236e-05         1.210e-05        6.072e-05         5.945e-05
1.7         2.561e-04        4.270e-06         4.270e-06        3.759e-05         3.759e-05
1.9         1.312e-04        2.419e-06         2.419e-06        1.850e-05         1.850e-05
2.1         7.122e-05        1.487e-06         1.487e-06        9.602e-06         9.602e-06
2.3         4.000e-05        9.777e-07         9.777e-07        5.154e-06         5.154e-06
2.5         2.349e-05        6.696e-07         6.696e-07        2.929e-06         2.929e-06
2.7         1.409e-05        4.727e-07         4.727e-07        1.695e-06         1.695e-06
2.9         8.858e-06        3.501e-07         3.501e-07        1.030e-06         1.030e-06
3.1         5.620e-06        2.636e-07         2.636e-07        6.429e-07         6.429e-07
3.3         3.627e-06        2.018e-07         1.999e-07        4.085e-07         4.085e-07
3.5         2.251e-06        1.539e-07         1.521e-07        2.538e-07         2.538e-07
3.7         1.687e-06        1.264e-07         1.247e-07        1.801e-07         1.801e-07
3.9         9.649e-07        9.418e-08         9.264e-08        1.100e-07         1.100e-07
4.2         5.370e-07        4.209e-08         4.152e-08        5.842e-08         5.842e-08
4.8         2.267e-07        2.571e-08         2.521e-08        2.471e-08         2.471e-08
5.5         6.081e-08        1.109e-08         1.074e-08        7.647e-09         7.647e-09
6.5         1.906e-08        5.746e-09         5.445e-09        2.282e-09         2.282e-09
7.5         3.946e-09        4.024e-09         2.322e-09        5.983e-10         5.983e-10
8.5         2.387e-09        2.851e-09         1.359e-09        3.976e-10         3.976e-10



40-60% centrality

p_T         inv. yield         stat. error (+)    stat error (-)    sys. error (+)    sys. error (-)
0.3         2.135e-02        2.665e-03         2.634e-03        9.416e-03         9.307e-03
0.5         1.361e-02        1.195e-03         1.182e-03        3.687e-03         3.648e-03
0.6         8.482e-03        6.443e-04         6.380e-04        1.718e-03         1.702e-03
0.7         4.304e-03        4.000e-04         3.964e-04        9.021e-04         8.940e-04
0.8         2.779e-03        2.508e-04         2.487e-04        4.733e-04         4.693e-04
0.8         2.031e-03        1.710e-04         1.697e-04        2.744e-04         2.723e-04
0.9         1.414e-03        1.228e-04         1.220e-04        1.678e-04         1.666e-04
1.1         7.484e-04        5.696e-05         5.549e-05        8.647e-05         8.423e-05
1.3         4.053e-04        1.053e-05         1.029e-05        4.227e-05         4.131e-05
1.5         1.983e-04        4.998e-06         4.897e-06        2.104e-05         2.061e-05
1.7         8.785e-05        2.013e-06         2.013e-06        1.331e-05         1.331e-05
1.9         4.639e-05        1.215e-06         1.215e-06        6.667e-06         6.667e-06
2.1         2.588e-05        7.911e-07         7.911e-07        3.541e-06         3.541e-06
2.3         1.504e-05        5.450e-07         5.450e-07        1.958e-06         1.958e-06
2.5         9.105e-06        3.850e-07         3.850e-07        1.128e-06         1.128e-06
2.7         5.053e-06        2.715e-07         2.715e-07        6.370e-07         6.370e-07
2.9         2.905e-06        1.983e-07         1.963e-07        3.697e-07         3.697e-07
3.1         2.268e-06        1.600e-07         1.582e-07        2.544e-07         2.544e-07
3.3         1.255e-06        1.182e-07         1.164e-07        1.496e-07         1.496e-07
3.5         8.680e-07        9.342e-08         9.175e-08        9.932e-08         9.932e-08
3.7         7.138e-07        7.856e-08         7.702e-08        7.433e-08         7.433e-08
3.9         3.851e-07        5.819e-08         5.674e-08        4.400e-08         4.400e-08
4.2         2.297e-07        2.625e-08         2.573e-08        2.414e-08         2.414e-08
4.8         1.190e-07        1.755e-08         1.708e-08        1.170e-08         1.170e-08
5.5         2.697e-08        7.042e-09         6.714e-09        3.210e-09         3.210e-09
6.5         1.033e-08        4.370e-09         3.207e-09        1.084e-09         1.084e-09
7.5         1.225e-09        2.736e-09         1.129e-09        2.043e-10         2.043e-10



60-92% centrality

p_T         inv. yield         stat. error (+)    stat error (-)    sys. error (+)    sys. error (-)
0.3         5.280e-03        8.564e-04         8.468e-04        2.161e-03         2.137e-03
0.5         1.825e-03        3.684e-04         3.646e-04        8.056e-04         7.973e-04
0.6         1.184e-03        2.009e-04         1.989e-04        3.723e-04         3.687e-04
0.7         7.895e-04        1.261e-04         1.250e-04        1.931e-04         1.914e-04
0.8         4.269e-04        7.873e-05         7.807e-05        9.853e-05         9.771e-05
0.8         2.302e-04        5.279e-05         5.237e-05        5.385e-05         5.343e-05
0.9         1.993e-04        3.805e-05         3.778e-05        3.290e-05         3.266e-05
1.1         1.266e-04        1.783e-05         1.736e-05        1.738e-05         1.692e-05
1.3         6.151e-05        2.082e-06         2.034e-06        1.039e-05         1.015e-05
1.5         2.987e-05        1.084e-06         1.061e-06        5.208e-06         5.099e-06
1.7         1.389e-05        5.429e-07         5.429e-07        2.266e-06         2.266e-06
1.9         7.095e-06        3.435e-07         3.435e-07        1.136e-06         1.136e-06
2.1         3.077e-06        2.179e-07         2.179e-07        5.541e-07         5.541e-07
2.3         1.906e-06        1.571e-07         1.556e-07        3.163e-07         3.163e-07
2.5         1.246e-06        1.153e-07         1.140e-07        1.886e-07         1.886e-07
2.7         6.768e-07        8.188e-08         8.064e-08        1.076e-07         1.076e-07
2.9         4.094e-07        6.081e-08         5.966e-08        6.461e-08         6.461e-08
3.1         3.273e-07        4.949e-08         4.842e-08        4.401e-08         4.401e-08
3.3         1.678e-07        3.624e-08         3.522e-08        2.578e-08         2.578e-08
3.5         1.304e-07        2.936e-08         2.841e-08        1.784e-08         1.784e-08
3.7         1.123e-07        2.515e-08         2.427e-08        1.332e-08         1.332e-08
3.9         6.204e-08        1.925e-08         1.841e-08        8.081e-09         8.081e-09
4.2         2.902e-08        7.934e-09         7.634e-09        3.817e-09         3.817e-09
4.8         5.342e-09        4.104e-09         3.837e-09        1.143e-09         1.143e-09
5.5         1.292e-09        2.173e-09         1.373e-09        3.592e-10         3.592e-10
6.5         1.125e-09        1.482e-09         7.820e-10        1.509e-10         1.509e-10



Minimim-Bias

p_T         inv. yield         stat. error (+)    stat error (-)    sys. error (+)    sys. error (-)
0.3         7.297e-02        3.012e-03         2.969e-03        1.938e-02         1.910e-02
0.5         3.744e-02        1.287e-03         1.271e-03        7.730e-03         7.631e-03
0.6         2.089e-02        6.550e-04         6.474e-04        3.656e-03         3.614e-03
0.7         1.221e-02        3.858e-04         3.817e-04        1.944e-03         1.924e-03
0.8         7.460e-03        2.322e-04         2.300e-04        1.040e-03         1.030e-03
0.8         5.036e-03        1.539e-04         1.525e-04        6.090e-04         6.035e-04
0.9         3.269e-03        1.060e-04         1.051e-04        3.700e-04         3.669e-04
1.1         1.844e-03        4.735e-05         4.597e-05        1.953e-04         1.896e-04
1.3         8.212e-04        2.038e-05         1.986e-05        9.038e-05         8.809e-05
1.5         3.902e-04        8.815e-06         8.619e-06        4.354e-05         4.257e-05
1.7         1.869e-04        2.556e-06         2.556e-06        2.871e-05         2.871e-05
1.9         9.494e-05        1.346e-06         1.346e-06        1.400e-05         1.400e-05
2.1         5.048e-05        7.712e-07         7.712e-07        7.176e-06         7.176e-06
2.3         2.910e-05        4.827e-07         4.827e-07        3.904e-06         3.904e-06
2.5         1.711e-05        3.125e-07         3.125e-07        2.183e-06         2.183e-06
2.7         9.981e-06        2.118e-07         2.118e-07        1.262e-06         1.262e-06
2.9         6.069e-06        1.498e-07         1.498e-07        7.536e-07         7.536e-07
3.1         3.870e-06        1.110e-07         1.110e-07        4.672e-07         4.672e-07
3.3         2.451e-06        8.266e-08         8.266e-08        2.933e-07         2.933e-07
3.5         1.614e-06        6.389e-08         6.389e-08        1.913e-07         1.913e-07
3.7         1.247e-06        5.229e-08         5.229e-08        1.375e-07         1.375e-07
3.9         7.047e-07        3.937e-08         3.901e-08        8.397e-08         8.397e-08
4.2         3.809e-07        1.707e-08         1.707e-08        4.382e-08         4.382e-08
4.8         1.480e-07        1.029e-08         1.017e-08        1.764e-08         1.764e-08
5.5         4.042e-08        4.448e-09         4.366e-09        5.615e-09         5.615e-09
6.5         1.176e-08        2.216e-09         2.149e-09        1.611e-09         1.611e-09
7.5         5.837e-09        1.587e-09         1.526e-09        6.927e-10         6.927e-10
8.5         1.926e-09        1.019e-09         6.867e-10        3.367e-10         3.367e-10



