350.800     0.0059     0.0030235      0.0612     0.0006105
301.700     0.0112     0.0017529      0.0997     0.0004539
255.700     0.0204     0.0013880      0.1334     0.0004028
216.400     0.0240     0.0012971      0.1598     0.0003970
182.400     0.0310     0.0013491      0.1798     0.0004169
152.700     0.0313     0.0015173      0.1947     0.0004588
126.800     0.0365     0.0018228      0.2051     0.0005268
104.200     0.0387     0.0023411      0.2105     0.0006291
84.590     0.0370     0.0031915      0.2130     0.0007815
67.730     0.0319     0.0046958      0.2101     0.0010134
47.070     0.0398     0.0065632      0.1998     0.0011432
