350.800     0.0059     0.0005781      0.0582     0.0002740
301.700     0.0117     0.0004104      0.0992     0.0002292
255.700     0.0172     0.0003555      0.1331     0.0002148
216.400     0.0216     0.0003458      0.1598     0.0002169
182.400     0.0268     0.0003641      0.1807     0.0002291
152.700     0.0303     0.0004014      0.1959     0.0002499
126.800     0.0336     0.0004672      0.2079     0.0002815
104.200     0.0367     0.0005646      0.2148     0.0003270
84.590     0.0375     0.0007261      0.2179     0.0003925
67.730     0.0380     0.0009611      0.2173     0.0004900
47.070     0.0359     0.0012105      0.2161     0.0005215
