350.800     0.0067     0.0018685      0.0619     0.0004818
301.700     0.0134     0.0010669      0.1015     0.0003549
255.700     0.0183     0.0008401      0.1349     0.0003145
216.400     0.0220     0.0007786      0.1617     0.0003091
182.400     0.0274     0.0008018      0.1823     0.0003234
152.700     0.0314     0.0008907      0.1978     0.0003538
126.800     0.0334     0.0010577      0.2083     0.0004034
104.200     0.0359     0.0013426      0.2145     0.0004787
84.590     0.0386     0.0018225      0.2178     0.0005924
67.730     0.0359     0.0026775      0.2152     0.0007686
47.070     0.0365     0.0038270      0.2069     0.0008741
