350.800     0.0006     0.0000644      0.0198     0.0000305
301.700     0.0012     0.0000468      0.0325     0.0000262
255.700     0.0020     0.0000412      0.0449     0.0000250
216.400     0.0028     0.0000406      0.0558     0.0000257
182.400     0.0038     0.0000431      0.0653     0.0000274
152.700     0.0045     0.0000478      0.0731     0.0000301
126.800     0.0053     0.0000557      0.0796     0.0000340
104.200     0.0059     0.0000671      0.0843     0.0000393
84.590     0.0065     0.0000857      0.0875     0.0000469
67.730     0.0066     0.0001124      0.0892     0.0000578
47.020     0.0065     0.0001389      0.0891     0.0000602
