350.800     0.0011     0.0001181      0.0279     0.0000477
301.700     0.0026     0.0000853      0.0471     0.0000401
255.700     0.0040     0.0000740      0.0651     0.0000376
216.400     0.0055     0.0000719      0.0807     0.0000383
182.400     0.0071     0.0000761      0.0937     0.0000407
152.700     0.0086     0.0000848      0.1047     0.0000449
126.800     0.0100     0.0001002      0.1133     0.0000510
104.200     0.0110     0.0001224      0.1194     0.0000598
84.590     0.0115     0.0001606      0.1232     0.0000724
67.730     0.0115     0.0002186      0.1241     0.0000911
47.020     0.0106     0.0002808      0.1213     0.0000973
