350.800     0.0012     0.0003369      0.0189     0.0000680
301.700     0.0016     0.0001997      0.0313     0.0000517
255.700     0.0025     0.0001609      0.0434     0.0000468
216.400     0.0033     0.0001523      0.0542     0.0000467
182.400     0.0044     0.0001598      0.0636     0.0000495
152.700     0.0051     0.0001806      0.0716     0.0000548
126.800     0.0059     0.0002171      0.0780     0.0000630
104.200     0.0068     0.0002781      0.0829     0.0000750
84.590     0.0079     0.0003767      0.0858     0.0000925
67.730     0.0067     0.0005490      0.0870     0.0001188
47.020     0.0069     0.0007532      0.0864     0.0001313
