350.800     0.0057     0.0009475      0.0626     0.0003547
301.700     0.0125     0.0006470      0.1031     0.0002842
255.700     0.0195     0.0005412      0.1371     0.0002606
216.400     0.0243     0.0005181      0.1640     0.0002607
182.400     0.0292     0.0005424      0.1857     0.0002750
152.700     0.0335     0.0006014      0.2013     0.0003014
126.800     0.0368     0.0007093      0.2146     0.0003425
104.200     0.0411     0.0008714      0.2229     0.0004031
84.590     0.0432     0.0011531      0.2277     0.0004918
67.730     0.0426     0.0015986      0.2304     0.0006249
47.070     0.0494     0.0021360      0.2366     0.0006855
