350.800     0.0028     0.0002203      0.0435     0.0000825
301.700     0.0059     0.0001526      0.0683     0.0000671
255.700     0.0083     0.0001293      0.0917     0.0000624
216.400     0.0108     0.0001251      0.1119     0.0000632
182.400     0.0139     0.0001320      0.1292     0.0000672
152.700     0.0166     0.0001474      0.1435     0.0000743
126.800     0.0195     0.0001747      0.1553     0.0000848
104.200     0.0216     0.0002153      0.1647     0.0001001
84.590     0.0238     0.0002856      0.1715     0.0001223
67.730     0.0249     0.0003965      0.1765     0.0001555
47.020     0.0278     0.0005302      0.1826     0.0001705
