350.800     0.0040     0.0002665      0.0470     0.0001077
301.700     0.0074     0.0001907      0.0806     0.0000895
255.700     0.0110     0.0001645      0.1099     0.0000835
216.400     0.0147     0.0001592      0.1344     0.0000845
182.400     0.0183     0.0001682      0.1543     0.0000897
152.700     0.0217     0.0001877      0.1698     0.0000988
126.800     0.0251     0.0002223      0.1813     0.0001126
104.200     0.0269     0.0002728      0.1891     0.0001326
84.590     0.0277     0.0003605      0.1926     0.0001619
67.730     0.0277     0.0004946      0.1922     0.0002053
47.020     0.0262     0.0006444      0.1869     0.0002229
