350.800     0.0024     0.0004345      0.0391     0.0001120
301.700     0.0054     0.0002517      0.0648     0.0000838
255.700     0.0083     0.0002007      0.0884     0.0000753
216.400     0.0106     0.0001880      0.1087     0.0000748
182.400     0.0133     0.0001952      0.1258     0.0000790
152.700     0.0157     0.0002183      0.1402     0.0000870
126.800     0.0179     0.0002604      0.1514     0.0000997
104.200     0.0208     0.0003318      0.1597     0.0001187
84.590     0.0213     0.0004515      0.1649     0.0001471
67.730     0.0241     0.0006645      0.1672     0.0001911
47.020     0.0241     0.0009510      0.1657     0.0002174
