350.800     0.0042     0.0001891      0.0504     0.0000896
301.700     0.0081     0.0001354      0.0833     0.0000756
255.700     0.0118     0.0001183      0.1122     0.0000715
216.400     0.0156     0.0001160      0.1365     0.0000729
182.400     0.0195     0.0001229      0.1563     0.0000775
152.700     0.0232     0.0001363      0.1721     0.0000851
126.800     0.0264     0.0001595      0.1840     0.0000964
104.200     0.0289     0.0001935      0.1926     0.0001124
84.590     0.0309     0.0002500      0.1975     0.0001355
67.730     0.0309     0.0003322      0.1992     0.0001697
47.020     0.0306     0.0004206      0.1985     0.0001814
