350.800     0.0022     0.0004382      0.0288     0.0000885
301.700     0.0039     0.0002586      0.0472     0.0000670
255.700     0.0049     0.0002078      0.0648     0.0000604
216.400     0.0069     0.0001964      0.0803     0.0000602
182.400     0.0079     0.0002059      0.0935     0.0000638
152.700     0.0098     0.0002328      0.1045     0.0000706
126.800     0.0114     0.0002803      0.1131     0.0000812
104.200     0.0124     0.0003600      0.1199     0.0000970
84.590     0.0132     0.0004896      0.1244     0.0001202
67.730     0.0147     0.0007173      0.1258     0.0001551
47.020     0.0138     0.0009935      0.1253     0.0001732
