350.800     0.0007     0.0001056      0.0214     0.0000395
301.700     0.0012     0.0000737      0.0339     0.0000324
255.700     0.0021     0.0000627      0.0464     0.0000303
216.400     0.0032     0.0000608      0.0575     0.0000308
182.400     0.0041     0.0000642      0.0671     0.0000328
152.700     0.0049     0.0000716      0.0753     0.0000362
126.800     0.0058     0.0000845      0.0822     0.0000412
104.200     0.0063     0.0001035      0.0876     0.0000483
84.590     0.0072     0.0001361      0.0918     0.0000585
67.730     0.0077     0.0001869      0.0950     0.0000735
47.020     0.0084     0.0002451      0.0986     0.0000790
