350.800     0.0023     0.0001894      0.0374     0.0000766
301.700     0.0048     0.0001364      0.0635     0.0000640
255.700     0.0069     0.0001181      0.0872     0.0000600
216.400     0.0095     0.0001146      0.1073     0.0000609
182.400     0.0120     0.0001213      0.1240     0.0000648
152.700     0.0142     0.0001355      0.1376     0.0000715
126.800     0.0164     0.0001604      0.1484     0.0000815
104.200     0.0181     0.0001967      0.1559     0.0000958
84.590     0.0188     0.0002593      0.1602     0.0001167
67.730     0.0188     0.0003550      0.1611     0.0001476
47.020     0.0167     0.0004604      0.1578     0.0001594
