350.800     0.0016     0.0001373      0.0323     0.0000514
301.700     0.0031     0.0000954      0.0507     0.0000420
255.700     0.0046     0.0000810      0.0686     0.0000391
216.400     0.0064     0.0000784      0.0843     0.0000397
182.400     0.0081     0.0000828      0.0978     0.0000422
152.700     0.0100     0.0000923      0.1093     0.0000466
126.800     0.0118     0.0001091      0.1188     0.0000531
104.200     0.0131     0.0001340      0.1266     0.0000624
84.590     0.0144     0.0001769      0.1324     0.0000759
67.730     0.0151     0.0002442      0.1368     0.0000959
47.020     0.0169     0.0003234      0.1421     0.0001041
