350.800     0.0027     0.0001344      0.0403     0.0000637
301.700     0.0053     0.0000968      0.0656     0.0000541
255.700     0.0076     0.0000849      0.0890     0.0000515
216.400     0.0101     0.0000835      0.1089     0.0000526
182.400     0.0128     0.0000887      0.1258     0.0000561
152.700     0.0152     0.0000984      0.1397     0.0000617
126.800     0.0178     0.0001151      0.1507     0.0000698
104.200     0.0198     0.0001395      0.1590     0.0000813
84.590     0.0209     0.0001798      0.1644     0.0000978
67.730     0.0213     0.0002384      0.1672     0.0001221
47.020     0.0211     0.0003005      0.1679     0.0001298
