350.800     0.0018     0.0002708      0.0287     0.0000698
301.700     0.0032     0.0001574      0.0478     0.0000524
255.700     0.0047     0.0001258      0.0659     0.0000472
216.400     0.0062     0.0001179      0.0818     0.0000470
182.400     0.0077     0.0001224      0.0953     0.0000496
152.700     0.0095     0.0001367      0.1066     0.0000546
126.800     0.0111     0.0001626      0.1160     0.0000624
104.200     0.0126     0.0002064      0.1232     0.0000740
84.590     0.0137     0.0002797      0.1279     0.0000913
67.730     0.0142     0.0004093      0.1299     0.0001178
47.020     0.0158     0.0005801      0.1297     0.0001327
