350.800     0.0057     0.0009889      0.0495     0.0001997
301.700     0.0102     0.0005782      0.0822     0.0001498
255.700     0.0142     0.0004618      0.1111     0.0001341
216.400     0.0168     0.0004349      0.1348     0.0001332
182.400     0.0201     0.0004553      0.1549     0.0001408
152.700     0.0251     0.0005151      0.1701     0.0001560
126.800     0.0269     0.0006221      0.1813     0.0001799
104.200     0.0290     0.0008025      0.1897     0.0002158
84.590     0.0323     0.0010990      0.1933     0.0002693
67.730     0.0303     0.0016232      0.1929     0.0003505
47.020     0.0274     0.0022801      0.1881     0.0003972
