350.800     0.0022     0.0007031      0.0392     0.0001420
301.700     0.0066     0.0004136      0.0642     0.0001071
255.700     0.0090     0.0003316      0.0873     0.0000963
216.400     0.0106     0.0003132      0.1072     0.0000960
182.400     0.0139     0.0003284      0.1239     0.0001017
152.700     0.0171     0.0003719      0.1377     0.0001127
126.800     0.0188     0.0004489      0.1485     0.0001300
104.200     0.0200     0.0005785      0.1564     0.0001557
84.590     0.0209     0.0007906      0.1608     0.0001939
67.730     0.0223     0.0011647      0.1625     0.0002517
47.020     0.0227     0.0016290      0.1609     0.0002839
