350.800     0.0059     0.0006111      0.0501     0.0001576
301.700     0.0088     0.0003519      0.0829     0.0001171
255.700     0.0130     0.0002795      0.1121     0.0001047
216.400     0.0161     0.0002611      0.1366     0.0001038
182.400     0.0200     0.0002706      0.1565     0.0001093
152.700     0.0235     0.0003025      0.1726     0.0001203
126.800     0.0269     0.0003610      0.1847     0.0001379
104.200     0.0293     0.0004603      0.1934     0.0001643
84.590     0.0315     0.0006277      0.1977     0.0002042
67.730     0.0327     0.0009261      0.1984     0.0002660
47.020     0.0328     0.0013313      0.1936     0.0003041
