350.800     0.0047     0.0003099      0.0544     0.0001160
301.700     0.0090     0.0002134      0.0868     0.0000938
255.700     0.0129     0.0001801      0.1157     0.0000868
216.400     0.0173     0.0001737      0.1401     0.0000876
182.400     0.0210     0.0001830      0.1604     0.0000930
152.700     0.0254     0.0002042      0.1768     0.0001026
126.800     0.0287     0.0002421      0.1896     0.0001172
104.200     0.0314     0.0002987      0.1996     0.0001385
84.590     0.0344     0.0003970      0.2063     0.0001696
67.730     0.0361     0.0005526      0.2104     0.0002163
47.020     0.0387     0.0007421      0.2159     0.0002383
