350.800     0.0048     0.0008146      0.0543     0.0003294
301.700     0.0115     0.0005779      0.0962     0.0002713
255.700     0.0157     0.0004944      0.1306     0.0002507
216.400     0.0195     0.0004747      0.1575     0.0002514
182.400     0.0255     0.0004984      0.1787     0.0002651
152.700     0.0288     0.0005528      0.1936     0.0002903
126.800     0.0325     0.0006514      0.2049     0.0003292
104.200     0.0332     0.0007960      0.2112     0.0003860
84.590     0.0339     0.0010465      0.2131     0.0004693
67.730     0.0340     0.0014310      0.2101     0.0005933
47.070     0.0289     0.0018548      0.2020     0.0006409
