350.800     0.0014     0.0000838      0.0299     0.0000397
301.700     0.0028     0.0000606      0.0487     0.0000339
255.700     0.0043     0.0000532      0.0665     0.0000323
216.400     0.0059     0.0000524      0.0820     0.0000331
182.400     0.0076     0.0000556      0.0952     0.0000353
152.700     0.0092     0.0000616      0.1063     0.0000387
126.800     0.0107     0.0000719      0.1152     0.0000437
104.200     0.0121     0.0000868      0.1221     0.0000508
84.590     0.0129     0.0001114      0.1268     0.0000608
67.730     0.0130     0.0001468      0.1292     0.0000754
47.020     0.0130     0.0001833      0.1300     0.0000793
