350.800     0.0010     0.0002082      0.0190     0.0000537
301.700     0.0013     0.0001215      0.0319     0.0000405
255.700     0.0020     0.0000974      0.0446     0.0000365
216.400     0.0029     0.0000914      0.0558     0.0000365
182.400     0.0037     0.0000950      0.0655     0.0000385
152.700     0.0049     0.0001060      0.0738     0.0000424
126.800     0.0057     0.0001260      0.0805     0.0000484
104.200     0.0066     0.0001595      0.0857     0.0000572
84.590     0.0071     0.0002152      0.0891     0.0000703
67.730     0.0080     0.0003132      0.0906     0.0000903
47.020     0.0082     0.0004397      0.0902     0.0001006
