350.800     0.0004     0.0000908      0.0184     0.0000367
301.700     0.0012     0.0000659      0.0314     0.0000309
255.700     0.0018     0.0000573      0.0439     0.0000292
216.400     0.0024     0.0000557      0.0549     0.0000297
182.400     0.0035     0.0000590      0.0642     0.0000316
152.700     0.0043     0.0000658      0.0719     0.0000349
126.800     0.0048     0.0000776      0.0780     0.0000396
104.200     0.0054     0.0000945      0.0823     0.0000463
84.590     0.0057     0.0001236      0.0847     0.0000558
67.730     0.0055     0.0001673      0.0851     0.0000698
47.020     0.0046     0.0002128      0.0822     0.0000738
