Figure 45c: subtracted pT spectrum in 300-750 compared to calculations from Elena Bratkovskaya

data as in fig.37 

hadronic yield (#rho coll.broad)
0.00275439      0.000276407
0.0242169       8.04934e-005
0.0644753       5.23331e-005
0.119575        3.11135e-005
0.185683        2.8048e-005
0.25974 1.47866e-005
0.339519        9.89502e-006
0.423459        7.61627e-006
0.510471        4.6904e-006
0.599794        2.65157e-006
0.690887        2.2836e-006
0.783358        1.18047e-006
0.876919        7.85136e-007
0.971356        6.61299e-007
1.0665  1.81407e-007
1.16224 1.63124e-007
1.25846 1.41992e-007
1.3551  1.48359e-007
1.45208 6.11713e-008
1.54936 4.1548e-008
1.64689 1.96691e-008
1.74465 1.45315e-008
1.8426  2.22521e-008
1.94071 8.50379e-009
2.03898 6.16797e-009
hadronic yield (#rho coll.broad + drop)
0.00275439      0.000352642
0.0242169       0.000211605
0.0644753       0.000105323
0.119575        5.9914e-005
0.185683        4.01658e-005
0.25974 2.51819e-005
0.339519        1.49081e-005
0.423459        8.59026e-006
0.510471        6.22961e-006
0.599794        3.60173e-006
0.690887        2.48975e-006
0.783358        1.52891e-006
0.876919        1.17003e-006
0.971356        5.96387e-007
1.0665  3.65124e-007
1.16224 2.12075e-007
1.25846 2.00106e-007
1.3551  1.36502e-007
1.45208 7.72752e-008
1.54936 7.7474e-008
1.64689 7.48221e-008
1.74465 1.44855e-008
1.8426  3.0358e-008
1.94071 5.81609e-009
2.03898 1.65284e-008
partonic yield
0.00275439      5.54326e-006
0.0242169       3.38686e-006
0.0644753       2.04614e-006
0.119575        1.3331e-006
0.185683        9.05878e-007
0.25974 4.97845e-007
0.339519        2.78387e-007
0.423459        1.40953e-007
0.510471        8.58806e-008
0.599794        4.30453e-008
0.690887        2.44082e-008
0.783358        1.21467e-008
0.876919        6.21e-009
0.971356        4.1459e-009
1.0665  9.1143e-010
1.16224 2.38353e-009
1.25846 2.96322e-010
1.3551  0
1.45208 0
1.54936 0
1.64689 0
1.74465 0
1.8426  0
1.94071 0
2.03898 0
sum
0.00275439      0.000358185
0.0242169       0.000214992
0.0644753       0.000107369
0.119575        6.12471e-005
0.185683        4.10717e-005
0.25974 2.56798e-005
0.339519        1.51865e-005
0.423459        8.73122e-006
0.510471        6.31549e-006
0.599794        3.64477e-006
0.690887        2.51416e-006
0.783358        1.54106e-006
0.876919        1.17624e-006
0.971356        6.00533e-007
1.0665  3.66035e-007
1.16224 2.14459e-007
1.25846 2.00403e-007
1.3551  1.36502e-007
1.45208 7.72752e-008
1.54936 7.7474e-008
1.64689 7.48221e-008
1.74465 1.44855e-008
1.8426  3.0358e-008
1.94071 5.81609e-009
2.03898 1.65284e-008
