Figure 39: mean mt
0-1
m0		local slope	stat err	syst err
0.143103        0.269266        0.0288737       0.00289191
0.253037        0.207228        0.0257189       0.0326118
0.394822        0.120932        0.0144455       0.0161895
0.589472        0.112392        0.0148316       0.0128387
0.876948        0.136746        0.0416972       0.0210186

1-3
0.0207482       0.230992        0.000762113     1.0136e-007
0.143103        0.219057        0.0107793       0.000116661
0.253037        0.188988        0.0239669       0.000305126
0.394822        0.284500	0.0599224       0.00188073
0.589472        0.280091        0.118509        0.0307446

From fit: see text