Figure 45a: subtracted pT spectrum in 300-750 compared to calculations from Ralf Rapp

data as in fig.37 

hadronic yield (HMBT)
0.00275439      7.66962e-005
0.0242169       7.07174e-005
0.0644753       5.91625e-005
0.119575        4.49569e-005
0.185683        3.07299e-005
0.25974 2.00374e-005
0.339519        1.24336e-005
0.423459        7.26605e-006
0.510471        4.18605e-006
0.599794        2.35491e-006
0.690887        1.33009e-006
0.783358        7.40421e-007
0.876919        4.07081e-007
0.971356        2.31127e-007
1.0665  1.27614e-007
1.16224 7.35115e-008
1.25846 4.1128e-008
1.3551  2.36937e-008
1.45208 1.38075e-008
1.54936 7.80337e-009
1.64689 4.57107e-009
1.74465 2.60035e-009
1.8426  1.54801e-009
1.94071 8.95285e-010
2.03898 5.4137e-010
2.13738 3.13581e-010
2.2359  1.83398e-010
2.33453 1.10271e-010
2.43325 6.37489e-011
2.53205 3.75377e-011
2.63093 2.22812e-011
2.72988 1.34917e-011
2.8289  8.51351e-012
2.92797 5.0156e-012
3.0271  3.0267e-012
3.12627 1.85897e-012
3.22549 1.09859e-012
3.32475 6.87449e-013
3.42405 4.10525e-013
3.52338 2.53828e-013
3.62275 1.51425e-013
3.72215 9.16456e-014
3.82157 5.76426e-014
3.92102 3.47489e-014
4.0205  2.13797e-014
4.12    1.33641e-014
4.21952 8.18088e-015
4.31906 5.2089e-015
4.41861 3.06981e-015
4.51819 1.04462e-015
0       0
hadronic yield (DM)
0.00275439      7.60677e-005
0.0242169       7.08865e-005
0.0644753       5.97055e-005
0.119575        4.51896e-005
0.185683        3.09232e-005
0.25974 2.0288e-005
0.339519        1.28791e-005
0.423459        7.68917e-006
0.510471        4.61137e-006
0.599794        2.69863e-006
0.690887        1.56467e-006
0.783358        9.07855e-007
0.876919        5.17068e-007
0.971356        3.06891e-007
1.0665  1.74027e-007
1.16224 1.02411e-007
1.25846 5.78302e-008
1.3551  3.40546e-008
1.45208 2.04775e-008
1.54936 1.15843e-008
1.64689 6.89893e-009
1.74465 3.91635e-009
1.8426  2.38455e-009
1.94071 1.36118e-009
2.03898 8.38732e-010
2.13738 4.95066e-010
2.2359  2.91521e-010
2.33453 1.74274e-010
2.43325 9.69445e-011
2.53205 5.92309e-011
2.63093 3.51368e-011
2.72988 2.19117e-011
2.8289  1.33796e-011
2.92797 7.84917e-012
3.0271  4.83825e-012
3.12627 2.94328e-012
3.22549 1.64829e-012
3.32475 1.05732e-012
3.42405 6.26063e-013
3.52338 3.86075e-013
3.62275 2.36231e-013
3.72215 1.43081e-013
3.82157 8.604e-014
3.92102 5.46548e-014
4.0205  3.1949e-014
4.12    1.9579e-014
4.21952 1.21676e-014
4.31906 7.69215e-015
4.41861 4.3468e-015
4.51819 1.45946e-015
0       0
partonic yield
0.00275439      2.41479e-005
0.0242169       1.91615e-005
0.0644753       1.30113e-005
0.119575        8.16746e-006
0.185683        4.9457e-006
0.25974 2.99261e-006
0.339519        1.81078e-006
0.423459        1.11104e-006
0.510471        6.82593e-007
0.599794        4.25149e-007
0.690887        2.68912e-007
0.783358        1.72596e-007
0.876919        1.10942e-007
0.971356        7.19804e-008
1.0665  4.66072e-008
1.16224 3.07136e-008
1.25846 2.01372e-008
1.3551  1.3392e-008
1.45208 8.95001e-009
1.54936 5.99212e-009
1.64689 4.0337e-009
1.74465 2.71976e-009
1.8426  1.84313e-009
1.94071 1.25671e-009
2.03898 8.57212e-010
2.13738 5.86256e-010
2.2359  4.04243e-010
2.33453 2.79908e-010
2.43325 1.93037e-010
2.53205 1.34014e-010
2.63093 9.33029e-011
2.72988 6.51703e-011
2.8289  4.55752e-011
2.92797 3.17923e-011
3.0271  2.24267e-011
3.12627 1.57665e-011
3.22549 1.11156e-011
3.32475 7.85206e-012
3.42405 5.57365e-012
3.52338 3.93482e-012
3.62275 2.80113e-012
3.72215 1.98229e-012
3.82157 1.41038e-012
3.92102 1.00513e-012
4.0205  7.17078e-013
4.12    5.12124e-013
4.21952 3.65351e-013
4.31906 2.62216e-013
4.41861 1.87179e-013
4.51819 7.22355e-014
0       0
sum
0.00275439      0.000100844
0.0242169       8.98788e-005
0.0644753       7.21738e-005
0.119575        5.31244e-005
0.185683        3.56756e-005
0.25974 2.303e-005
0.339519        1.42444e-005
0.423459        8.37708e-006
0.510471        4.86864e-006
0.599794        2.78006e-006
0.690887        1.599e-006
0.783358        9.13016e-007
0.876919        5.18023e-007
0.971356        3.03108e-007
1.0665  1.74222e-007
1.16224 1.04225e-007
1.25846 6.12653e-008
1.3551  3.70857e-008
1.45208 2.27575e-008
1.54936 1.37955e-008
1.64689 8.60476e-009
1.74465 5.32011e-009
1.8426  3.39114e-009
1.94071 2.152e-009
2.03898 1.39858e-009
2.13738 8.99838e-010
2.2359  5.87641e-010
2.33453 3.90179e-010
2.43325 2.56786e-010
2.53205 1.71552e-010
2.63093 1.15584e-010
2.72988 7.86619e-011
2.8289  5.40887e-011
2.92797 3.68079e-011
3.0271  2.54534e-011
3.12627 1.76255e-011
3.22549 1.22142e-011
3.32475 8.5395e-012
3.42405 5.98417e-012
3.52338 4.18864e-012
3.62275 2.95255e-012
3.72215 2.07393e-012
3.82157 1.46802e-012
3.92102 1.03988e-012
4.0205  7.38457e-013
4.12    5.25488e-013
4.21952 3.73532e-013
4.31906 2.67425e-013
4.41861 1.90249e-013
4.51819 7.32801e-014
0       0
root [1]